0.000;0.313
0.200;0.939
0.400;1.877
0.600;3.126
0.800;4.685
1.000;6.553
1.200;8.729
1.400;11.213
1.600;14.004
1.800;17.101
2.000;20.504
2.200;24.210
2.400;28.220
2.600;32.533
2.800;37.148
3.000;42.065
3.200;47.281
3.400;52.798
3.600;58.613
3.800;64.726
4.000;71.136
4.200;77.843
4.400;84.845
4.600;92.142
4.800;99.734
5.000;107.618
5.200;115.795
5.400;124.264
5.600;133.024
5.800;142.075
6.000;151.414
6.200;161.043
6.400;170.959
6.600;181.162
6.800;191.652
7.000;202.428
7.200;213.488
7.400;224.833
7.600;236.460
7.800;248.371
8.000;260.563
8.200;273.037
8.400;285.791
8.600;298.825
8.800;312.137
9.000;325.728
9.200;339.596
9.400;353.741
9.600;368.162
9.800;382.858
10.000;397.828
10.200;413.073
10.400;428.590
10.600;444.380
10.800;460.441
11.000;476.774
11.200;493.376
11.400;510.248
11.600;527.389
11.800;544.797
12.000;562.474
12.200;580.416
12.400;598.625
12.600;617.099
12.800;635.837
13.000;654.839
13.200;674.105
13.400;693.632
13.600;713.422
13.800;733.472
14.000;753.783
14.200;774.354
14.400;795.183
14.600;816.271
14.800;837.616
15.000;859.219
15.200;881.077
15.400;903.191
15.600;925.560
15.800;948.183
16.000;971.060
16.200;994.190
16.400;1017.571
16.600;1041.205
16.800;1065.089
17.000;1089.223
17.200;1113.607
17.400;1138.240
17.600;1163.121
17.800;1188.250
18.000;1213.625
18.200;1239.247
18.400;1265.114
18.600;1291.226
18.800;1317.583
19.000;1344.183
19.200;1371.026
19.400;1398.112
19.600;1425.439
19.800;1453.008
20.000;1480.816
20.200;1508.865
20.400;1537.153
20.600;1565.679
20.800;1594.444
21.000;1623.445
21.200;1652.683
21.400;1682.158
21.600;1711.867
21.800;1741.812
22.000;1771.990
22.200;1802.403
22.400;1833.048
22.600;1863.925
22.800;1895.034
23.000;1926.374
23.200;1957.945
23.400;1989.746
23.600;2021.775
23.800;2054.034
24.000;2086.520
24.200;2119.234
24.400;2152.175
24.600;2185.342
24.800;2218.734
25.000;2252.352
25.200;2286.194
25.400;2320.260
25.600;2354.549
25.800;2389.061
26.000;2423.794
26.200;2458.750
26.400;2493.926
26.600;2529.323
26.800;2564.939
27.000;2600.774
27.200;2636.828
27.400;2673.100
27.600;2709.590
27.800;2746.296
28.000;2783.219
28.200;2820.357
28.400;2857.710
28.600;2895.278
28.800;2933.060
29.000;2971.055
29.200;3009.263
29.400;3047.684
29.600;3086.316
29.800;3125.159
30.000;3164.213
30.200;3203.477
30.400;3242.950
30.600;3282.633
30.800;3322.523
31.000;3362.622
31.200;3402.928
31.400;3443.441
31.600;3484.159
31.800;3525.084
32.000;3566.214
32.200;3607.548
32.400;3649.086
32.600;3690.828
32.800;3732.772
33.000;3774.919
33.200;3817.268
33.400;3859.818
33.600;3902.569
33.800;3945.521
34.000;3988.672
34.200;4032.022
34.400;4075.571
34.600;4119.318
34.800;4163.263
35.000;4207.404
35.200;4251.743
35.400;4296.277
35.600;4341.007
35.800;4385.932
36.000;4431.052
36.200;4476.365
36.400;4521.872
36.600;4567.572
36.800;4613.465
37.000;4659.549
37.200;4705.825
37.400;4752.292
37.600;4798.949
37.800;4845.796
38.000;4892.833
38.200;4940.059
38.400;4987.473
38.600;5035.075
38.800;5082.864
39.000;5130.840
39.200;5179.003
39.400;5227.352
39.600;5275.886
39.800;5324.605
40.000;5373.508
40.200;5422.596
40.400;5471.867
40.600;5521.321
40.800;5570.958
41.000;5620.776
41.200;5670.776
41.400;5720.958
41.600;5771.319
41.800;5821.861
42.000;5872.583
42.200;5923.484
42.400;5974.563
42.600;6025.821
42.800;6077.257
43.000;6128.870
43.200;6180.659
43.400;6232.625
43.600;6284.767
43.800;6337.084
44.000;6389.576
44.200;6442.243
44.400;6495.083
44.600;6548.098
44.800;6601.285
45.000;6654.645
45.200;6708.177
45.400;6761.881
45.600;6815.756
45.800;6869.802
46.000;6924.019
46.200;6978.405
46.400;7032.960
46.600;7087.686
46.800;7142.579
47.000;7197.641
47.200;7252.870
47.400;7308.267
47.600;7363.830
47.800;7419.560
48.000;7475.455
48.200;7531.516
48.400;7587.742
48.600;7644.133
48.800;7700.688
49.000;7757.406
49.200;7814.288
49.400;7871.333
49.600;7928.540
49.800;7985.909
50.000;8043.440
50.200;8101.132
50.400;8158.984
50.600;8216.997
50.800;8275.170
51.000;8333.502
51.200;8391.993
51.400;8450.644
51.600;8509.452
51.800;8568.418
52.000;8627.541
52.200;8686.821
52.400;8746.258
52.600;8805.851
52.800;8865.600
53.000;8925.504
53.200;8985.563
53.400;9045.775
53.600;9106.143
53.800;9166.663
54.000;9227.337
54.200;9288.164
54.400;9349.144
54.600;9410.275
54.800;9471.559
55.000;9532.993
55.200;9594.578
55.400;9656.313
55.600;9718.199
55.800;9780.234
56.000;9842.419
56.200;9904.752
56.400;9967.233
56.600;10029.863
56.800;10092.641
57.000;10155.565
57.200;10218.637
57.400;10281.854
57.600;10345.219
57.800;10408.729
58.000;10472.384
58.200;10536.184
58.400;10600.128
58.600;10664.217
58.800;10728.449
59.000;10792.825
59.200;10857.345
59.400;10922.007
59.600;10986.811
59.800;11051.757
60.000;11116.845
60.200;11182.073
60.400;11247.442
60.600;11312.952
60.800;11378.602
61.000;11444.391
61.200;11510.319
61.400;11576.387
61.600;11642.593
61.800;11708.938
62.000;11775.420
62.200;11842.040
62.400;11908.797
62.600;11975.690
62.800;12042.721
63.000;12109.887
63.200;12177.188
63.400;12244.625
63.600;12312.197
63.800;12379.903
64.000;12447.744
64.200;12515.719
64.400;12583.827
64.600;12652.068
64.800;12720.442
65.000;12788.949
65.200;12857.588
65.400;12926.358
65.600;12995.260
65.800;13064.293
66.000;13133.457
66.200;13202.751
66.400;13272.175
66.600;13341.729
66.800;13411.411
67.000;13481.223
67.200;13551.163
67.400;13621.232
67.600;13691.430
67.800;13761.754
68.000;13832.206
68.200;13902.785
68.400;13973.490
68.600;14044.322
68.800;14115.280
69.000;14186.363
69.200;14257.572
69.400;14328.906
69.600;14400.364
69.800;14471.946
70.000;14543.652
70.200;14615.482
70.400;14687.436
70.600;14759.512
70.800;14831.711
71.000;14904.032
71.200;14976.476
71.400;15049.041
71.600;15121.728
71.800;15194.535
72.000;15267.463
72.200;15340.512
72.400;15413.681
72.600;15486.969
72.800;15560.377
73.000;15633.904
73.200;15707.550
73.400;15781.314
73.600;15855.197
73.800;15929.197
74.000;16003.315
74.200;16077.551
74.400;16151.903
74.600;16226.372
74.800;16300.957
75.000;16375.658
75.200;16450.475
75.400;16525.406
75.600;16600.453
75.800;16675.615
76.000;16750.893
76.200;16826.283
76.400;16901.787
76.600;16977.406
76.800;17053.139
77.000;17128.982
77.200;17204.939
77.400;17281.010
77.600;17357.191
77.800;17433.484
78.000;17509.889
78.200;17586.404
78.400;17663.031
78.600;17739.770
78.800;17816.617
79.000;17893.576
79.200;17970.645
79.400;18047.822
79.600;18125.109
79.800;18202.504
80.000;18280.008
80.200;18357.619
80.400;18435.340
80.600;18513.168
80.800;18591.104
81.000;18669.146
81.200;18747.297
81.400;18825.553
81.600;18903.916
81.800;18982.385
82.000;19060.959
82.200;19139.639
82.400;19218.424
82.600;19297.313
82.800;19376.307
83.000;19455.404
83.200;19534.607
83.400;19613.914
83.600;19693.324
83.800;19772.838
84.000;19852.455
84.200;19932.174
84.400;20011.996
84.600;20091.920
84.800;20171.945
85.000;20252.072
85.200;20332.301
85.400;20412.631
85.600;20493.061
85.800;20573.592
86.000;20654.223
86.200;20734.953
86.400;20815.783
86.600;20896.713
86.800;20977.742
87.000;21058.871
87.200;21140.098
87.400;21221.424
87.600;21302.848
87.800;21384.369
88.000;21465.988
88.200;21547.705
88.400;21629.520
88.600;21711.430
88.800;21793.438
89.000;21875.541
89.200;21957.740
89.400;22040.037
89.600;22122.428
89.800;22204.914
90.000;22287.496
90.200;22370.174
90.400;22452.945
90.600;22535.811
90.800;22618.770
91.000;22701.824
91.200;22784.971
91.400;22868.211
91.600;22951.545
91.800;23034.971
92.000;23118.490
92.200;23202.102
92.400;23285.805
92.600;23369.600
92.800;23453.486
93.000;23537.465
93.200;23621.535
93.400;23705.695
93.600;23789.947
93.800;23874.289
94.000;23958.721
94.200;24043.242
94.400;24127.854
94.600;24212.555
94.800;24297.346
95.000;24382.225
95.200;24467.193
95.400;24552.250
95.600;24637.395
95.800;24722.627
96.000;24807.947
96.200;24893.355
96.400;24978.852
96.600;25064.436
96.800;25150.105
97.000;25235.863
97.200;25321.707
97.400;25407.637
97.600;25493.652
97.800;25579.754
98.000;25665.941
98.200;25752.213
98.400;25838.570
98.600;25925.012
98.800;26011.539
99.000;26098.150
99.200;26184.846
99.400;26271.625
99.600;26358.488
99.800;26445.436
100.000;26532.465
100.200;26619.578
100.400;26706.773
100.600;26794.053
100.800;26881.414
101.000;26968.857
101.200;27056.383
101.400;27143.990
101.600;27231.680
101.800;27319.449
102.000;27407.301
102.200;27495.232
102.400;27583.244
102.600;27671.338
102.800;27759.512
103.000;27847.766
103.200;27936.100
103.400;28024.512
103.600;28113.004
103.800;28201.576
104.000;28290.227
104.200;28378.955
104.400;28467.764
104.600;28556.650
104.800;28645.615
105.000;28734.658
105.200;28823.779
105.400;28912.977
105.600;29002.252
105.800;29091.604
106.000;29181.033
106.200;29270.539
106.400;29360.121
106.600;29449.779
106.800;29539.514
107.000;29629.324
107.200;29719.211
107.400;29809.174
107.600;29899.211
107.799;29989.324
107.999;30079.512
108.199;30169.773
108.399;30260.109
108.599;30350.520
108.799;30441.004
108.999;30531.563
109.199;30622.195
109.399;30712.902
109.599;30803.682
109.799;30894.535
109.999;30985.461
110.199;31076.459
110.399;31167.529
110.599;31258.674
110.799;31349.889
110.999;31441.176
111.199;31532.535
111.399;31623.967
111.599;31715.469
111.799;31807.043
111.999;31898.688
112.199;31990.404
112.399;32082.191
112.599;32174.049
112.799;32265.977
112.999;32357.975
113.199;32450.043
113.399;32542.180
113.599;32634.387
113.799;32726.662
113.999;32819.008
114.199;32911.422
114.399;33003.906
114.599;33096.457
114.799;33189.078
114.999;33281.766
115.199;33374.523
115.399;33467.348
115.599;33560.238
115.799;33653.199
115.999;33746.227
116.199;33839.320
116.399;33932.480
116.599;34025.707
116.799;34119.004
116.999;34212.367
117.199;34305.797
117.399;34399.289
117.599;34492.848
117.799;34586.473
117.999;34680.164
118.199;34773.922
118.399;34867.742
118.599;34961.629
118.799;35055.582
118.999;35149.598
119.199;35243.680
119.399;35337.824
119.599;35432.035
119.799;35526.309
119.999;35620.648
120.199;35715.051
120.399;35809.516
120.599;35904.043
120.799;35998.637
120.999;36093.293
121.199;36188.012
121.399;36282.793
121.599;36377.637
121.799;36472.543
121.999;36567.512
122.199;36662.543
122.399;36757.637
122.599;36852.789
122.799;36948.004
122.999;37043.281
123.199;37138.621
123.399;37234.020
123.599;37329.480
123.799;37425.000
123.999;37520.582
124.199;37616.223
124.399;37711.926
124.599;37807.688
124.799;37903.512
124.999;37999.395
125.199;38095.336
125.399;38191.336
125.599;38287.398
125.799;38383.520
125.999;38479.699
126.199;38575.938
126.399;38672.234
126.599;38768.590
126.799;38865.004
126.999;38961.477
127.199;39058.008
127.399;39154.594
127.599;39251.238
127.799;39347.941
127.999;39444.703
128.199;39541.520
128.399;39638.395
128.599;39735.328
128.799;39832.316
128.999;39929.363
129.199;40026.465
129.399;40123.625
129.599;40220.840
129.799;40318.109
129.999;40415.438
130.199;40512.820
130.399;40610.258
130.599;40707.754
130.799;40805.305
130.999;40902.910
131.199;41000.570
131.399;41098.285
131.599;41196.055
131.799;41293.879
131.999;41391.758
132.199;41489.691
132.399;41587.680
132.599;41685.723
132.799;41783.816
132.999;41881.965
133.199;41980.168
133.399;42078.426
133.599;42176.734
133.799;42275.098
133.999;42373.516
134.199;42471.984
134.399;42570.508
134.599;42669.082
134.799;42767.711
134.999;42866.391
135.199;42965.121
135.399;43063.906
135.599;43162.742
135.799;43261.629
135.999;43360.570
136.199;43459.563
136.399;43558.605
136.599;43657.699
136.799;43756.844
136.999;43856.039
137.199;43955.285
137.399;44054.582
137.599;44153.930
137.799;44253.328
137.999;44352.777
138.199;44452.277
138.399;44551.828
138.599;44651.426
138.799;44751.074
138.999;44850.773
139.199;44950.523
139.399;45050.320
139.599;45150.168
139.799;45250.063
139.999;45350.008
140.199;45450.004
140.399;45550.047
140.599;45650.137
140.799;45750.277
140.999;45850.465
141.199;45950.703
141.399;46050.988
141.599;46151.320
141.799;46251.699
141.999;46352.129
142.199;46452.605
142.399;46553.129
142.599;46653.699
142.799;46754.316
142.999;46854.980
143.199;46955.691
143.399;47056.449
143.599;47157.254
143.799;47258.105
143.999;47359.004
144.199;47459.949
144.399;47560.941
144.599;47661.980
144.799;47763.066
144.999;47864.195
145.199;47965.371
145.399;48066.594
145.599;48167.859
145.799;48269.172
145.999;48370.531
146.199;48471.934
146.399;48573.383
146.599;48674.875
146.799;48776.414
146.999;48877.996
147.199;48979.621
147.399;49081.293
147.599;49183.008
147.799;49284.766
147.999;49386.570
148.199;49488.418
148.399;49590.309
148.599;49692.242
148.799;49794.223
148.999;49896.246
149.199;49998.313
149.399;50100.422
149.599;50202.574
149.799;50304.770
149.999;50407.008
150.199;50509.289
150.399;50611.613
150.599;50713.980
150.799;50816.391
150.999;50918.844
151.199;51021.336
151.399;51123.871
151.599;51226.449
151.799;51329.070
151.999;51431.730
152.199;51534.434
152.399;51637.180
152.599;51739.965
152.799;51842.793
152.999;51945.664
153.199;52048.574
153.399;52151.527
153.599;52254.520
153.799;52357.555
153.999;52460.629
154.199;52563.742
154.399;52666.898
154.599;52770.094
154.799;52873.328
154.999;52976.605
155.199;53079.922
155.399;53183.277
155.599;53286.672
155.799;53390.109
155.999;53493.586
156.199;53597.102
156.399;53700.656
156.599;53804.250
156.799;53907.883
156.999;54011.555
157.199;54115.266
157.399;54219.016
157.599;54322.805
157.799;54426.633
157.999;54530.500
158.199;54634.406
158.399;54738.348
158.599;54842.328
158.799;54946.348
158.999;55050.406
159.199;55154.504
159.399;55258.637
159.599;55362.809
159.799;55467.020
159.999;55571.266
160.199;55675.551
160.399;55779.871
160.599;55884.230
160.799;55988.629
160.999;56093.063
161.199;56197.535
161.399;56302.043
161.599;56406.586
161.799;56511.168
161.999;56615.785
162.199;56720.441
162.399;56825.133
162.599;56929.859
162.799;57034.621
162.999;57139.422
163.199;57244.258
163.399;57349.129
163.599;57454.035
163.799;57558.977
163.999;57663.957
164.199;57768.973
164.399;57874.023
164.599;57979.109
164.799;58084.230
164.999;58189.387
165.199;58294.578
165.399;58399.805
165.599;58505.066
165.799;58610.363
165.999;58715.695
166.199;58821.059
166.399;58926.457
166.599;59031.891
166.799;59137.359
166.999;59242.863
167.199;59348.398
167.399;59453.969
167.599;59559.574
167.799;59665.215
167.999;59770.887
168.199;59876.594
168.399;59982.336
168.599;60088.109
168.799;60193.918
168.999;60299.758
169.199;60405.633
169.399;60511.539
169.599;60617.480
169.799;60723.453
169.999;60829.461
170.199;60935.500
170.399;61041.570
170.599;61147.676
170.799;61253.813
170.999;61359.980
171.199;61466.184
171.399;61572.418
171.599;61678.684
171.799;61784.984
171.999;61891.316
172.199;61997.680
172.399;62104.074
172.599;62210.500
172.799;62316.957
172.999;62423.449
173.199;62529.973
173.398;62636.527
173.598;62743.113
173.798;62849.730
173.998;62956.379
174.198;63063.059
174.398;63169.770
174.598;63276.512
174.798;63383.285
174.998;63490.086
175.198;63596.918
175.398;63703.781
175.598;63810.676
175.798;63917.602
175.998;64024.559
176.198;64131.543
176.398;64238.559
176.598;64345.605
176.798;64452.684
176.998;64559.789
177.198;64666.926
177.398;64774.094
177.598;64881.289
177.798;64988.516
177.998;65095.770
178.198;65203.055
178.398;65310.367
178.598;65417.711
178.798;65525.086
178.998;65632.492
179.198;65739.922
179.398;65847.383
179.598;65954.875
179.798;66062.391
179.998;66169.938
180.198;66277.516
180.398;66385.117
180.598;66492.750
180.798;66600.414
180.998;66708.102
181.198;66815.820
181.398;66923.570
181.598;67031.344
181.798;67139.148
181.998;67246.977
182.198;67354.836
182.398;67462.727
182.598;67570.641
182.798;67678.586
182.998;67786.555
183.198;67894.555
183.398;68002.578
183.598;68110.633
183.798;68218.711
183.998;68326.820
184.198;68434.953
184.398;68543.117
184.598;68651.305
184.798;68759.523
184.998;68867.766
185.198;68976.039
185.398;69084.336
185.598;69192.664
185.798;69301.016
185.998;69409.391
186.198;69517.797
186.398;69626.227
186.598;69734.688
186.798;69843.172
186.998;69951.680
187.198;70060.219
187.398;70168.781
187.598;70277.367
187.798;70385.984
187.998;70494.625
188.198;70603.289
188.398;70711.984
188.598;70820.703
188.798;70929.445
188.998;71038.219
189.198;71147.016
189.398;71255.836
189.598;71364.680
189.798;71473.555
189.998;71582.453
190.198;71691.375
190.398;71800.320
190.598;71909.289
190.798;72018.289
190.998;72127.313
191.198;72236.359
191.398;72345.430
191.598;72454.523
191.798;72563.648
191.998;72672.797
192.198;72781.969
192.398;72891.164
192.598;73000.383
192.798;73109.625
192.998;73218.891
193.198;73328.180
193.398;73437.500
193.598;73546.844
193.798;73656.211
193.998;73765.602
194.198;73875.016
194.398;73984.453
194.598;74093.914
194.798;74203.398
194.998;74312.906
195.198;74422.438
195.398;74531.992
195.598;74641.570
195.798;74751.172
195.998;74860.797
196.198;74970.445
196.398;75080.117
196.598;75189.813
196.798;75299.531
196.998;75409.273
197.198;75519.039
197.398;75628.828
197.598;75738.641
197.798;75848.477
197.998;75958.328
198.198;76068.203
198.398;76178.102
198.598;76288.023
198.798;76397.969
198.998;76507.938
199.198;76617.930
199.398;76727.945
199.598;76837.977
199.798;76948.031
199.998;77058.109
200.198;77168.211
200.398;77278.336
200.598;77388.484
200.798;77498.648
200.998;77608.836
201.198;77719.047
201.398;77829.281
201.598;77939.539
201.798;78049.813
201.998;78160.109
202.198;78270.430
202.398;78380.773
202.598;78491.133
202.798;78601.516
202.998;78711.922
203.198;78822.352
203.398;78932.797
203.598;79043.266
203.798;79153.758
203.998;79264.266
204.198;79374.797
204.398;79485.352
204.598;79595.922
204.798;79706.516
204.998;79817.133
205.198;79927.766
205.398;80038.422
205.598;80149.102
205.798;80259.797
205.998;80370.516
206.198;80481.250
206.398;80592.008
206.598;80702.789
206.798;80813.586
206.998;80924.406
207.198;81035.242
207.398;81146.102
207.598;81256.977
207.798;81367.875
207.998;81478.797
208.198;81589.734
208.398;81700.695
208.598;81811.672
208.798;81922.672
208.998;82033.688
209.198;82144.727
209.398;82255.781
209.598;82366.859
209.798;82477.953
209.998;82589.070
210.198;82700.203
210.398;82811.359
210.598;82922.531
210.798;83033.727
210.998;83144.938
211.198;83256.164
211.398;83367.414
211.598;83478.680
211.798;83589.969
211.998;83701.273
212.198;83812.602
212.398;83923.945
212.598;84035.305
212.798;84146.688
212.998;84258.086
213.198;84369.508
213.398;84480.945
213.598;84592.398
213.798;84703.875
213.998;84815.367
214.198;84926.875
214.398;85038.406
214.598;85149.953
214.798;85261.516
214.998;85373.102
215.198;85484.703
215.398;85596.320
215.598;85707.961
215.798;85819.617
215.998;85931.289
216.198;86042.984
216.398;86154.695
216.598;86266.422
216.798;86378.164
216.998;86489.930
217.198;86601.711
217.398;86713.508
217.598;86825.320
217.798;86937.156
217.998;87049.008
218.198;87160.875
218.398;87272.758
218.598;87384.656
218.798;87496.578
218.998;87608.516
219.198;87720.469
219.398;87832.438
219.598;87944.422
219.798;88056.430
219.998;88168.453
220.198;88280.492
220.398;88392.547
220.598;88504.617
220.798;88616.703
220.998;88728.813
221.198;88840.938
221.398;88953.078
221.598;89065.234
221.798;89177.406
221.998;89289.594
222.198;89401.797
222.398;89514.016
222.598;89626.258
222.798;89738.516
222.998;89850.789
223.198;89963.078
223.398;90075.383
223.598;90187.703
223.798;90300.039
223.998;90412.391
224.198;90524.758
224.398;90637.141
224.598;90749.539
224.798;90861.953
224.998;90974.383
225.198;91086.828
225.398;91199.289
225.598;91311.766
225.798;91424.258
225.998;91536.766
226.198;91649.289
226.398;91761.828
226.598;91874.383
226.798;91986.953
226.998;92099.539
227.198;92212.141
227.398;92324.758
227.598;92437.391
227.798;92550.039
227.998;92662.703
228.198;92775.383
228.398;92888.078
228.598;93000.789
228.798;93113.516
228.998;93226.258
229.198;93339.016
229.398;93451.789
229.598;93564.578
229.798;93677.383
229.998;93790.203
230.198;93903.031
230.398;94015.875
230.598;94128.734
230.798;94241.609
230.998;94354.500
231.198;94467.406
231.398;94580.328
231.598;94693.266
231.798;94806.211
231.998;94919.172
232.198;95032.148
232.398;95145.141
232.598;95258.148
232.798;95371.172
232.998;95484.203
233.198;95597.250
233.398;95710.313
233.598;95823.391
233.798;95936.484
233.998;96049.594
234.198;96162.711
234.398;96275.844
234.598;96388.992
234.798;96502.156
234.998;96615.336
235.198;96728.523
235.398;96841.727
235.598;96954.945
235.798;97068.180
235.998;97181.422
236.198;97294.680
236.398;97407.953
236.598;97521.242
236.798;97634.539
236.998;97747.852
237.198;97861.180
237.398;97974.523
237.598;98087.875
237.798;98201.242
237.998;98314.625
238.198;98428.016
238.398;98541.422
238.598;98654.844
238.798;98768.281
238.997;98881.727
239.197;98995.188
239.397;99108.664
239.597;99222.148
239.797;99335.648
239.997;99449.164
240.197;99562.688
240.397;99676.227
240.597;99789.781
240.797;99903.344
240.997;100016.922
241.197;100130.516
241.397;100244.117
241.597;100357.734
241.797;100471.359
241.997;100585.000
242.197;100698.656
242.397;100812.320
242.597;100926.000
242.797;101039.688
242.997;101153.391
243.197;101267.109
243.397;101380.836
243.597;101494.578
243.797;101608.328
243.997;101722.094
244.197;101835.875
244.397;101949.664
244.597;102063.469
244.797;102177.281
244.997;102291.109
245.197;102404.945
245.397;102518.797
245.597;102632.664
245.797;102746.539
245.997;102860.430
246.197;102974.328
246.397;103088.242
246.597;103202.164
246.797;103316.102
246.997;103430.047
247.197;103544.008
247.397;103657.977
247.597;103771.961
247.797;103885.953
247.997;103999.961
248.197;104113.977
248.397;104228.008
248.597;104342.047
248.797;104456.102
248.997;104570.164
249.197;104684.242
249.397;104798.328
249.597;104912.430
249.797;105026.539
249.997;105140.664
250.197;105254.797
250.397;105368.945
250.597;105483.102
250.797;105597.266
250.997;105711.445
251.197;105825.633
251.397;105939.836
251.597;106054.047
251.797;106168.273
251.997;106282.508
252.197;106396.750
252.397;106511.008
252.597;106625.273
252.797;106739.555
252.997;106853.844
253.197;106968.141
253.397;107082.453
253.597;107196.773
253.797;107311.109
253.997;107425.453
254.197;107539.805
254.397;107654.172
254.597;107768.547
254.797;107882.938
254.997;107997.336
255.197;108111.742
255.397;108226.164
255.597;108340.594
255.797;108455.031
255.997;108569.484
256.197;108683.945
256.397;108798.414
256.597;108912.898
256.797;109027.391
256.997;109141.891
257.197;109256.406
257.397;109370.930
257.597;109485.461
257.797;109600.008
257.997;109714.563
258.197;109829.125
258.397;109943.703
258.597;110058.289
258.797;110172.883
258.997;110287.492
259.197;110402.109
259.397;110516.734
259.597;110631.367
259.797;110746.016
259.997;110860.672
260.197;110975.336
260.397;111090.016
260.598;111204.703
260.798;111319.398
260.998;111434.102
261.198;111548.820
261.398;111663.547
261.598;111778.281
261.798;111893.023
261.998;112007.781
262.198;112122.547
262.398;112237.320
262.598;112352.102
262.798;112466.898
262.998;112581.703
263.198;112696.516
263.398;112811.336
263.598;112926.164
263.798;113041.008
263.998;113155.859
264.198;113270.719
264.398;113385.586
264.598;113500.461
264.798;113615.352
264.998;113730.250
265.198;113845.156
265.398;113960.070
265.598;114074.992
265.798;114189.930
265.998;114304.875
266.198;114419.828
266.398;114534.789
266.598;114649.758
266.798;114764.742
266.998;114879.734
267.198;114994.734
267.398;115109.742
267.598;115224.758
267.798;115339.781
267.998;115454.813
268.198;115569.859
268.398;115684.914
268.598;115799.977
268.798;115915.047
268.998;116030.125
269.198;116145.211
269.398;116260.305
269.598;116375.414
269.798;116490.531
269.998;116605.656
270.198;116720.789
270.398;116835.930
270.598;116951.078
270.798;117066.234
270.998;117181.398
271.198;117296.570
271.398;117411.758
271.598;117526.953
271.798;117642.156
271.998;117757.367
272.198;117872.586
272.398;117987.813
272.598;118103.047
272.798;118218.289
272.998;118333.539
273.198;118448.797
273.398;118564.063
273.598;118679.336
273.798;118794.625
273.998;118909.922
274.198;119025.227
274.398;119140.539
274.598;119255.859
274.798;119371.188
274.998;119486.523
275.198;119601.867
275.398;119717.219
275.598;119832.578
275.798;119947.945
275.998;120063.320
276.198;120178.703
276.398;120294.094
276.598;120409.492
276.798;120524.898
276.999;120640.313
277.199;120755.734
277.399;120871.164
277.599;120986.602
277.799;121102.047
277.999;121217.500
278.199;121332.961
278.399;121448.430
278.599;121563.906
278.799;121679.391
278.999;121794.883
279.199;121910.383
279.399;122025.891
279.599;122141.406
279.799;122256.930
279.999;122372.461
280.199;122488.000
280.399;122603.547
280.599;122719.102
280.799;122834.664
280.999;122950.234
281.199;123065.813
281.399;123181.398
281.599;123296.992
281.799;123412.594
281.999;123528.203
282.199;123643.820
282.399;123759.445
282.599;123875.078
282.799;123990.719
282.999;124106.367
283.199;124222.023
283.399;124337.688
283.599;124453.352
283.799;124569.023
283.999;124684.703
284.199;124800.391
284.399;124916.086
284.599;125031.789
284.799;125147.500
284.999;125263.219
285.199;125378.945
285.399;125494.680
285.599;125610.422
285.799;125726.172
285.999;125841.930
286.199;125957.688
286.399;126073.453
286.599;126189.227
286.799;126305.008
286.999;126420.797
287.199;126536.594
287.399;126652.398
287.599;126768.211
287.799;126884.031
287.999;126999.852
288.199;127115.680
288.399;127231.516
288.599;127347.359
288.799;127463.211
288.999;127579.070
289.199;127694.938
289.399;127810.813
289.599;127926.688
289.799;128042.570
289.999;128158.461
290.199;128274.359
290.399;128390.266
290.599;128506.180
290.799;128622.102
290.999;128738.023
291.199;128853.953
291.399;128969.891
291.599;129085.836
291.799;129201.789
291.999;129317.750
292.199;129433.711
292.399;129549.680
292.599;129665.656
292.799;129781.641
292.999;129897.633
293.199;130013.633
293.400;130129.633
293.600;130245.641
293.800;130361.656
294.000;130477.680
294.200;130593.711
294.400;130709.750
294.600;130825.789
294.800;130941.836
295.000;131057.891
295.200;131173.953
295.400;131290.016
295.600;131406.094
295.800;131522.172
296.000;131638.250
296.200;131754.344
296.400;131870.438
296.600;131986.547
296.800;132102.656
297.000;132218.766
297.200;132334.891
297.400;132451.016
297.600;132567.156
297.800;132683.297
298.000;132799.438
298.200;132915.594
298.400;133031.750
298.600;133147.922
298.800;133264.094
299.000;133380.266
299.200;133496.453
299.400;133612.641
299.600;133728.828
299.800;133845.031
300.000;133961.234
300.200;134077.453
300.400;134193.672
300.600;134309.891
300.800;134426.125
301.000;134542.359
301.200;134658.594
301.400;134774.844
301.600;134891.094
301.800;135007.359
302.000;135123.625
302.200;135239.891
302.400;135356.172
302.600;135472.453
302.800;135588.734
303.000;135705.031
303.200;135821.328
303.400;135937.625
303.600;136053.938
303.800;136170.250
304.000;136286.578
304.200;136402.906
304.400;136519.234
304.600;136635.578
304.800;136751.922
305.000;136868.266
305.200;136984.625
305.400;137100.984
305.600;137217.344
305.800;137333.719
306.000;137450.094
306.200;137566.469
306.400;137682.859
306.600;137799.250
306.800;137915.641
307.000;138032.047
307.200;138148.453
307.400;138264.859
307.600;138381.281
307.800;138497.703
308.000;138614.125
308.200;138730.563
308.400;138847.000
308.600;138963.438
308.800;139079.891
309.000;139196.344
309.200;139312.797
309.400;139429.266
309.600;139545.734
309.801;139662.203
310.001;139778.688
310.201;139895.172
310.401;140011.656
310.601;140128.156
310.801;140244.656
311.001;140361.156
311.201;140477.672
311.401;140594.188
311.601;140710.703
311.801;140827.234
312.001;140943.766
312.201;141060.297
312.401;141176.844
312.601;141293.391
312.801;141409.938
313.001;141526.500
313.201;141643.063
313.401;141759.625
313.601;141876.203
313.801;141992.781
314.001;142109.359
314.201;142225.953
314.401;142342.547
314.601;142459.141
314.801;142575.734
315.001;142692.344
315.201;142808.953
315.401;142925.563
315.601;143042.188
315.801;143158.813
316.001;143275.438
316.201;143392.078
316.401;143508.719
316.601;143625.359
316.801;143742.016
317.001;143858.672
317.201;143975.328
317.401;144091.984
317.601;144208.656
317.801;144325.328
318.001;144442.000
318.201;144558.688
318.401;144675.375
318.601;144792.063
318.801;144908.750
319.001;145025.453
319.201;145142.156
319.401;145258.859
319.601;145375.578
319.801;145492.297
320.001;145609.016
320.201;145725.750
320.401;145842.484
320.601;145959.219
320.801;146075.953
321.001;146192.703
321.201;146309.453
321.401;146426.203
321.601;146542.969
321.801;146659.734
322.001;146776.500
322.201;146893.266
322.401;147010.047
322.601;147126.828
322.801;147243.609
323.001;147360.391
323.201;147477.188
323.401;147593.984
323.601;147710.781
323.801;147827.594
324.001;147944.406
324.201;148061.219
324.401;148178.031
324.601;148294.859
324.801;148411.688
325.001;148528.516
325.201;148645.344
325.401;148762.188
325.601;148879.031
325.801;148995.875
326.001;149112.734
326.202;149229.594
326.402;149346.453
326.602;149463.313
326.802;149580.188
327.002;149697.063
327.202;149813.938
327.402;149930.813
327.602;150047.703
327.802;150164.594
328.002;150281.484
328.202;150398.375
328.402;150515.281
328.602;150632.188
328.802;150749.094
329.002;150866.000
329.202;150982.922
329.402;151099.844
329.602;151216.766
329.802;151333.703
330.002;151450.641
330.202;151567.578
330.402;151684.516
330.602;151801.469
330.802;151918.422
331.002;152035.375
331.202;152152.328
331.402;152269.297
331.602;152386.266
331.802;152503.234
332.002;152620.203
332.202;152737.172
332.402;152854.156
332.602;152971.141
332.802;153088.125
333.002;153205.109
333.202;153322.109
333.402;153439.109
333.602;153556.109
333.802;153673.109
334.002;153790.125
334.202;153907.141
334.402;154024.156
334.602;154141.172
334.802;154258.203
335.002;154375.234
335.202;154492.266
335.402;154609.297
335.602;154726.344
335.802;154843.391
336.002;154960.438
336.202;155077.484
336.402;155194.547
336.602;155311.609
336.802;155428.672
337.002;155545.734
337.202;155662.797
337.402;155779.875
337.602;155896.953
337.802;156014.031
338.002;156131.109
338.202;156248.203
338.402;156365.297
338.602;156482.391
338.802;156599.484
339.002;156716.578
339.202;156833.688
339.402;156950.797
339.602;157067.906
339.802;157185.016
340.002;157302.141
340.202;157419.266
340.402;157536.391
340.602;157653.516
340.802;157770.641
341.002;157887.781
341.202;158004.922
341.402;158122.063
341.602;158239.203
341.802;158356.359
342.002;158473.516
342.202;158590.672
342.402;158707.828
342.603;158824.984
342.803;158942.156
343.003;159059.328
343.203;159176.500
343.403;159293.672
343.603;159410.844
343.803;159528.031
344.003;159645.219
344.203;159762.406
344.403;159879.594
344.603;159996.797
344.803;160114.000
345.003;160231.203
345.203;160348.406
345.403;160465.609
345.603;160582.828
345.803;160700.047
346.003;160817.266
346.203;160934.484
346.403;161051.703
346.603;161168.938
346.803;161286.172
347.003;161403.406
347.203;161520.641
347.403;161637.875
347.603;161755.125
347.803;161872.375
348.003;161989.625
348.203;162106.875
348.403;162224.125
348.603;162341.391
348.803;162458.656
349.003;162575.922
349.203;162693.188
349.403;162810.453
349.603;162927.734
349.803;163045.016
350.003;163162.297
350.203;163279.578
350.403;163396.859
350.603;163514.156
350.803;163631.453
351.003;163748.750
351.203;163866.047
351.403;163983.344
351.603;164100.641
351.803;164217.953
352.003;164335.266
352.203;164452.578
352.403;164569.891
352.603;164687.203
352.803;164804.531
353.003;164921.859
353.203;165039.188
353.403;165156.516
353.603;165273.844
353.803;165391.188
354.003;165508.531
354.203;165625.875
354.403;165743.219
354.603;165860.563
354.803;165977.906
355.003;166095.266
355.203;166212.625
355.403;166329.984
355.603;166447.344
355.803;166564.703
356.003;166682.078
356.203;166799.453
356.403;166916.828
356.603;167034.203
356.803;167151.578
357.003;167268.953
357.203;167386.344
357.403;167503.734
357.603;167621.125
357.803;167738.516
358.003;167855.906
358.203;167973.297
358.403;168090.703
358.603;168208.109
358.803;168325.516
359.004;168442.922
359.204;168560.328
359.404;168677.750
359.604;168795.172
359.804;168912.594
360.004;169030.016
360.204;169147.438
360.404;169264.859
360.604;169382.297
360.804;169499.734
361.004;169617.172
361.204;169734.609
361.404;169852.047
361.604;169969.484
361.804;170086.938
362.004;170204.391
362.204;170321.844
362.404;170439.297
362.604;170556.750
362.804;170674.203
363.004;170791.672
363.204;170909.141
363.404;171026.609
363.604;171144.078
363.804;171261.547
364.004;171379.016
364.204;171496.500
364.404;171613.984
364.604;171731.469
364.804;171848.953
365.004;171966.438
365.204;172083.922
365.404;172201.406
365.604;172318.906
365.804;172436.406
366.004;172553.906
366.204;172671.406
366.404;172788.906
366.604;172906.406
366.804;173023.922
367.004;173141.438
367.204;173258.953
367.404;173376.469
367.604;173493.984
367.804;173611.500
368.004;173729.016
368.204;173846.547
368.404;173964.078
368.604;174081.609
368.804;174199.141
369.004;174316.672
369.204;174434.203
369.404;174551.750
369.604;174669.297
369.804;174786.844
370.004;174904.391
370.204;175021.938
370.404;175139.484
370.604;175257.031
370.804;175374.594
371.004;175492.156
371.204;175609.719
371.404;175727.281
371.604;175844.844
371.804;175962.406
372.004;176079.969
372.204;176197.547
372.404;176315.125
372.604;176432.703
372.804;176550.281
373.004;176667.859
373.204;176785.438
373.404;176903.016
373.604;177020.609
373.804;177138.203
374.004;177255.797
374.204;177373.391
374.404;177490.984
374.604;177608.578
374.804;177726.172
375.004;177843.781
375.204;177961.391
375.405;178079.000
375.605;178196.609
375.805;178314.219
376.005;178431.828
376.205;178549.438
376.405;178667.063
376.605;178784.688
376.805;178902.313
377.005;179019.938
377.205;179137.563
377.405;179255.188
377.605;179372.813
377.805;179490.453
378.005;179608.094
378.205;179725.734
378.405;179843.375
378.605;179961.016
378.805;180078.656
379.005;180196.297
379.205;180313.938
379.405;180431.594
379.605;180549.250
379.805;180666.906
380.005;180784.563
380.205;180902.219
380.405;181019.875
380.605;181137.531
380.805;181255.188
381.005;181372.859
381.205;181490.531
381.405;181608.203
381.605;181725.875
381.805;181843.547
382.005;181961.219
382.205;182078.891
382.405;182196.578
382.605;182314.266
382.805;182431.953
383.005;182549.641
383.205;182667.328
383.405;182785.016
383.605;182902.703
383.805;183020.391
384.005;183138.094
384.205;183255.797
384.405;183373.500
384.605;183491.203
384.805;183608.906
385.005;183726.609
385.205;183844.313
385.405;183962.016
385.605;184079.719
385.805;184197.438
386.005;184315.156
386.205;184432.875
386.405;184550.594
386.605;184668.313
386.805;184786.031
387.005;184903.750
387.205;185021.469
387.405;185139.203
387.605;185256.938
387.805;185374.672
388.005;185492.406
388.205;185610.141
388.405;185727.875
388.605;185845.609
388.805;185963.344
389.005;186081.078
389.205;186198.828
389.405;186316.578
389.605;186434.328
389.805;186552.078
390.005;186669.828
390.205;186787.578
390.405;186905.328
390.605;187023.078
390.805;187140.844
391.005;187258.609
391.205;187376.375
391.405;187494.141
391.605;187611.906
391.806;187729.672
392.006;187847.438
392.206;187965.203
392.406;188082.969
392.606;188200.750
392.806;188318.531
393.006;188436.313
393.206;188554.094
393.406;188671.875
393.606;188789.656
393.806;188907.438
394.006;189025.219
394.206;189143.000
394.406;189260.797
394.606;189378.594
394.806;189496.391
395.006;189614.188
395.206;189731.984
395.406;189849.781
395.606;189967.578
395.806;190085.375
396.006;190203.172
396.206;190320.969
396.406;190438.781
396.606;190556.594
396.806;190674.406
397.006;190792.219
397.206;190910.031
397.406;191027.844
397.606;191145.656
397.806;191263.469
398.006;191381.281
398.206;191499.109
398.406;191616.938
398.606;191734.766
398.806;191852.594
399.006;191970.422
399.206;192088.250
399.406;192206.078
399.606;192323.906
399.806;192441.734
400.006;192559.563
400.206;192677.406
400.406;192795.250
400.606;192913.094
400.806;193030.938
401.006;193148.781
401.206;193266.625
401.406;193384.469
401.606;193502.313
401.806;193620.156
402.006;193738.000
402.206;193855.844
402.406;193973.703
402.606;194091.563
402.806;194209.422
403.006;194327.281
403.206;194445.141
403.406;194563.000
403.606;194680.859
403.806;194798.719
404.006;194916.578
404.206;195034.438
404.406;195152.313
404.606;195270.188
404.806;195388.063
405.006;195505.938
405.206;195623.813
405.406;195741.688
405.606;195859.563
405.806;195977.438
406.006;196095.313
406.206;196213.188
406.406;196331.063
406.606;196448.953
406.806;196566.844
407.006;196684.734
407.206;196802.625
407.406;196920.516
407.606;197038.406
407.806;197156.297
408.007;197274.188
408.207;197392.078
408.407;197509.969
408.607;197627.859
408.807;197745.766
409.007;197863.672
409.207;197981.578
409.407;198099.484
409.607;198217.391
409.807;198335.297
410.007;198453.203
410.207;198571.109
410.407;198689.016
410.607;198806.922
410.807;198924.828
411.007;199042.750
411.207;199160.672
411.407;199278.594
411.607;199396.516
411.807;199514.438
412.007;199632.359
412.207;199750.281
412.407;199868.203
412.607;199986.125
412.807;200104.047
413.007;200221.969
413.207;200339.891
413.407;200457.828
413.607;200575.766
413.807;200693.703
414.007;200811.641
414.207;200929.578
414.407;201047.516
414.607;201165.453
414.807;201283.391
415.007;201401.328
415.207;201519.266
415.407;201637.203
415.607;201755.141
415.807;201873.094
416.007;201991.047
416.207;202109.000
416.407;202226.953
416.607;202344.906
416.807;202462.859
417.007;202580.813
417.207;202698.766
417.407;202816.719
417.607;202934.672
417.807;203052.625
418.007;203170.578
418.207;203288.531
418.407;203406.500
418.607;203524.469
418.807;203642.438
419.007;203760.406
419.207;203878.375
419.407;203996.344
419.607;204114.313
419.807;204232.281
420.007;204350.250
420.207;204468.219
420.407;204586.188
420.607;204704.156
420.807;204822.141
421.007;204940.125
421.207;205058.109
421.407;205176.094
421.607;205294.078
421.807;205412.063
422.007;205530.047
422.207;205648.031
422.407;205766.016
422.607;205884.000
422.807;206001.984
423.007;206119.969
423.207;206237.953
423.407;206355.938
423.607;206473.938
423.807;206591.938
424.007;206709.938
424.207;206827.938
424.408;206945.938
424.608;207063.938
424.808;207181.938
425.008;207299.938
425.208;207417.938
425.408;207535.938
425.608;207653.938
425.808;207771.938
426.008;207889.938
426.208;208007.938
426.408;208125.953
426.608;208243.969
426.808;208361.984
427.008;208480.000
427.208;208598.016
427.408;208716.031
427.608;208834.047
427.808;208952.063
428.008;209070.078
428.208;209188.094
428.408;209306.109
428.608;209424.125
428.808;209542.141
429.008;209660.156
429.208;209778.188
429.408;209896.219
429.608;210014.250
429.808;210132.281
430.008;210250.313
430.208;210368.344
430.408;210486.375
430.608;210604.406
430.808;210722.438
431.008;210840.469
431.208;210958.500
431.408;211076.531
431.608;211194.563
431.808;211312.594
432.008;211430.625
432.208;211548.672
432.408;211666.719
432.608;211784.766
432.808;211902.813
433.008;212020.859
433.208;212138.906
433.408;212256.953
433.608;212375.000
433.808;212493.047
434.008;212611.094
434.208;212729.141
434.408;212847.188
434.608;212965.234
434.808;213083.281
435.008;213201.328
435.208;213319.375
435.408;213437.438
435.608;213555.500
435.808;213673.563
436.008;213791.625
436.208;213909.688
436.408;214027.750
436.608;214145.813
436.808;214263.875
437.008;214381.938
437.208;214500.000
437.408;214618.063
437.608;214736.125
437.808;214854.188
438.008;214972.250
438.208;215090.313
438.408;215208.375
438.608;215326.453
438.808;215444.531
439.008;215562.609
439.208;215680.688
439.408;215798.766
439.608;215916.844
439.808;216034.922
440.008;216153.000
440.208;216271.078
440.408;216389.156
440.608;216507.234
440.809;216625.313
441.009;216743.391
441.209;216861.469
441.409;216979.547
441.609;217097.625
441.809;217215.703
442.009;217333.797
442.209;217451.891
442.409;217569.984
442.609;217688.078
442.809;217806.172
443.009;217924.266
443.209;218042.359
443.409;218160.453
443.609;218278.547
443.809;218396.641
444.009;218514.734
444.209;218632.828
444.409;218750.922
444.609;218869.016
444.809;218987.109
445.009;219105.203
445.209;219223.297
445.409;219341.391
445.609;219459.500
445.809;219577.609
446.009;219695.719
446.209;219813.828
446.409;219931.938
446.609;220050.047
446.809;220168.156
447.009;220286.266
447.209;220404.375
447.409;220522.484
447.609;220640.594
447.809;220758.703
448.009;220876.813
448.209;220994.922
448.409;221113.031
448.609;221231.141
448.809;221349.250
449.009;221467.359
449.209;221585.469
449.409;221703.594
449.609;221821.719
449.809;221939.844
450.009;222057.969
450.209;222176.094
450.409;222294.219
450.609;222412.344
450.809;222530.469
451.009;222648.594
451.209;222766.719
451.409;222884.844
451.609;223002.969
451.809;223121.094
452.009;223239.219
452.209;223357.344
452.409;223475.469
452.609;223593.594
452.809;223711.719
453.009;223829.844
453.209;223947.969
453.409;224066.109
453.609;224184.250
453.809;224302.391
454.009;224420.531
454.209;224538.672
454.409;224656.813
454.609;224774.953
454.809;224893.094
455.009;225011.234
455.209;225129.375
455.409;225247.516
455.609;225365.656
455.809;225483.797
456.009;225601.938
456.209;225720.078
456.409;225838.219
456.609;225956.359
456.809;226074.500
457.009;226192.641
457.210;226310.781
457.410;226428.938
457.610;226547.094
457.810;226665.250
458.010;226783.406
458.210;226901.563
458.410;227019.719
458.610;227137.875
458.810;227256.031
459.010;227374.188
459.210;227492.344
459.410;227610.500
459.610;227728.656
459.810;227846.813
460.010;227964.969
460.210;228083.125
460.410;228201.281
460.610;228319.438
460.810;228437.594
461.010;228555.750
461.210;228673.906
461.410;228792.063
461.610;228910.219
461.810;229028.391
462.010;229146.563
462.210;229264.734
462.410;229382.906
462.610;229501.078
462.810;229619.250
463.010;229737.422
463.210;229855.594
463.410;229973.766
463.610;230091.938
463.810;230210.109
464.010;230328.281
464.210;230446.453
464.410;230564.625
464.610;230682.797
464.810;230800.969
465.010;230919.141
465.210;231037.313
465.410;231155.484
465.610;231273.656
465.810;231391.828
466.010;231510.000
466.210;231628.172
466.410;231746.344
466.610;231864.531
466.810;231982.719
467.010;232100.906
467.210;232219.094
467.410;232337.281
467.610;232455.469
467.810;232573.656
468.010;232691.844
468.210;232810.031
468.410;232928.219
468.610;233046.406
468.810;233164.594
469.010;233282.781
469.210;233400.969
469.410;233519.156
469.610;233637.344
469.810;233755.531
470.010;233873.719
470.210;233991.906
470.410;234110.094
470.610;234228.281
470.810;234346.469
471.010;234464.656
471.210;234582.844
471.410;234701.031
471.610;234819.234
471.810;234937.438
472.010;235055.641
472.210;235173.844
472.410;235292.047
472.610;235410.250
472.810;235528.453
473.010;235646.656
473.210;235764.859
473.410;235883.063
473.611;236001.266
473.811;236119.469
474.011;236237.672
474.211;236355.875
474.411;236474.078
474.611;236592.281
474.811;236710.484
475.011;236828.688
475.211;236946.891
475.411;237065.094
475.611;237183.297
475.811;237301.500
476.011;237419.703
476.211;237537.906
476.411;237656.109
476.611;237774.313
476.811;237892.531
477.011;238010.750
477.211;238128.969
477.411;238247.188
477.611;238365.406
477.811;238483.625
478.011;238601.844
478.211;238720.063
478.411;238838.281
478.611;238956.500
478.811;239074.719
479.011;239192.938
479.211;239311.156
479.411;239429.375
479.611;239547.594
479.811;239665.813
480.011;239784.031
480.211;239902.250
480.411;240020.469
480.611;240138.688
480.811;240256.906
481.011;240375.125
481.211;240493.344
481.411;240611.563
481.611;240729.781
481.811;240848.000
482.011;240966.219
482.211;241084.438
482.411;241202.656
482.611;241320.891
482.811;241439.125
483.011;241557.359
483.211;241675.594
483.411;241793.828
483.611;241912.063
483.811;242030.297
484.011;242148.531
484.211;242266.766
484.411;242385.000
484.611;242503.234
484.811;242621.469
485.011;242739.703
485.211;242857.938
485.411;242976.172
485.611;243094.406
485.811;243212.641
486.011;243330.875
486.211;243449.109
486.411;243567.344
486.611;243685.578
486.811;243803.813
487.011;243922.047
487.211;244040.281
487.411;244158.516
487.611;244276.750
487.811;244394.984
488.011;244513.219
488.211;244631.453
488.411;244749.688
488.611;244867.922
488.811;244986.172
489.011;245104.422
489.211;245222.672
489.411;245340.922
489.611;245459.172
489.811;245577.422
490.012;245695.672
490.212;245813.922
490.412;245932.172
490.612;246050.422
490.812;246168.672
491.012;246286.922
491.212;246405.172
491.412;246523.422
491.612;246641.672
491.812;246759.922
492.012;246878.172
492.212;246996.422
492.412;247114.672
492.612;247232.922
492.812;247351.172
493.012;247469.422
493.212;247587.672
493.412;247705.922
493.612;247824.172
493.812;247942.422
494.012;248060.672
494.212;248178.922
494.412;248297.172
494.612;248415.422
494.812;248533.672
495.012;248651.922
495.212;248770.172
495.412;248888.422
495.612;249006.688
495.812;249124.953
496.012;249243.219
496.212;249361.484
496.412;249479.750
496.612;249598.016
496.812;249716.281
497.012;249834.547
497.212;249952.813
497.412;250071.078
497.612;250189.344
497.812;250307.609
498.012;250425.875
498.212;250544.141
498.412;250662.406
498.612;250780.672
498.812;250898.938
499.012;251017.203
499.212;251135.469
499.412;251253.734
499.612;251372.000
499.812;251490.266
500.012;251608.531
500.212;251726.797
500.412;251845.063
500.612;251963.328
500.812;252081.594
501.012;252199.859
501.212;252318.125
501.412;252436.391
501.612;252554.656
501.812;252672.922
502.012;252791.188
502.212;252909.453
502.412;253027.719
502.612;253145.984
502.812;253264.250
503.012;253382.531
503.212;253500.813
503.412;253619.094
503.612;253737.375
503.812;253855.656
504.012;253973.938
504.212;254092.219
504.412;254210.500
504.612;254328.781
504.812;254447.063
505.012;254565.344
505.212;254683.625
505.412;254801.906
505.612;254920.188
505.812;255038.469
506.012;255156.750
506.212;255275.031
506.413;255393.313
506.613;255511.594
506.813;255629.875
507.013;255748.156
507.213;255866.438
507.413;255984.719
507.613;256103.000
507.813;256221.281
508.013;256339.563
508.213;256457.844
508.413;256576.125
508.613;256694.406
508.813;256812.688
509.013;256930.969
509.213;257049.250
509.413;257167.531
509.613;257285.813
509.813;257404.094
510.013;257522.375
510.213;257640.656
510.413;257758.938
510.613;257877.219
510.813;257995.500
511.013;258113.781
511.213;258232.063
511.413;258350.359
511.613;258468.656
511.813;258586.953
512.013;258705.250
512.213;258823.547
512.413;258941.844
512.613;259060.141
512.813;259178.438
513.013;259296.734
513.213;259415.031
513.413;259533.328
513.613;259651.625
513.813;259769.922
514.013;259888.219
514.213;260006.516
514.413;260124.813
514.613;260243.109
514.813;260361.406
515.013;260479.703
515.213;260598.000
515.413;260716.297
515.613;260834.594
515.813;260952.891
516.013;261071.188
516.213;261189.484
516.413;261307.781
516.613;261426.078
516.813;261544.375
517.013;261662.672
517.213;261780.969
517.413;261899.266
517.613;262017.563
517.813;262135.859
518.013;262254.156
518.213;262372.469
518.413;262490.781
518.613;262609.094
518.813;262727.406
519.013;262845.719
519.213;262964.031
519.413;263082.344
519.613;263200.656
519.813;263318.969
520.013;263437.281
520.213;263555.594
520.413;263673.906
520.613;263792.219
520.813;263910.531
521.013;264028.844
521.213;264147.156
521.413;264265.469
521.613;264383.781
521.813;264502.094
522.013;264620.406
522.213;264738.719
522.413;264857.031
522.613;264975.344
522.813;265093.656
523.013;265211.969
523.214;265330.281
523.414;265448.594
523.614;265566.906
523.814;265685.219
524.014;265803.531
524.214;265921.844
524.414;266040.156
524.614;266158.469
524.814;266276.781
525.014;266395.094
525.214;266513.406
525.414;266631.719
525.614;266750.031
525.814;266868.344
526.014;266986.656
526.214;267104.969
526.414;267223.281
526.614;267341.594
526.814;267459.906
527.014;267578.219
527.214;267696.531
527.414;267814.844
527.614;267933.156
527.814;268051.469
528.014;268169.781
528.214;268288.094
528.414;268406.406
528.614;268524.719
528.814;268643.031
529.014;268761.344
529.214;268879.656
529.414;268997.969
529.614;269116.281
529.814;269234.594
530.014;269352.906
530.214;269471.219
530.414;269589.531
530.614;269707.844
530.814;269826.156
531.014;269944.469
531.214;270062.781
531.414;270181.094
531.614;270299.406
531.814;270417.719
532.014;270536.031
532.214;270654.344
532.414;270772.656
532.614;270890.969
532.814;271009.281
533.014;271127.594
533.214;271245.906
533.414;271364.219
533.614;271482.531
533.814;271600.844
534.014;271719.156
534.214;271837.469
534.414;271955.781
534.614;272074.094
534.814;272192.406
535.014;272310.719
535.214;272429.031
535.414;272547.344
535.614;272665.656
535.814;272783.969
536.014;272902.281
536.214;273020.594
536.414;273138.906
536.614;273257.219
536.814;273375.531
537.014;273493.875
537.214;273612.219
537.414;273730.563
537.614;273848.906
537.814;273967.250
538.014;274085.594
538.214;274203.938
538.414;274322.281
538.614;274440.625
538.814;274558.969
539.014;274677.313
539.214;274795.656
539.414;274914.000
539.615;275032.344
539.815;275150.688
540.015;275269.031
540.215;275387.375
540.415;275505.719
540.615;275624.063
540.815;275742.406
541.015;275860.750
541.215;275979.094
541.415;276097.438
541.615;276215.781
541.815;276334.125
542.015;276452.469
542.215;276570.813
542.415;276689.156
542.615;276807.500
542.815;276925.844
543.015;277044.188
543.215;277162.531
543.415;277280.875
543.615;277399.219
543.815;277517.563
544.015;277635.906
544.215;277754.250
544.415;277872.594
544.615;277990.938
544.815;278109.281
545.015;278227.625
545.215;278345.969
545.415;278464.313
545.615;278582.656
545.815;278701.000
546.015;278819.344
546.215;278937.688
546.415;279056.031
546.615;279174.375
546.815;279292.719
547.015;279411.063
547.215;279529.406
547.415;279647.750
547.615;279766.094
547.815;279884.438
548.015;280002.781
548.215;280121.125
548.415;280239.469
548.615;280357.813
548.815;280476.156
549.015;280594.500
549.215;280712.844
549.415;280831.188
549.615;280949.531
549.815;281067.875
550.015;281186.219
550.215;281304.563
550.415;281422.906
550.615;281541.250
550.815;281659.594
551.015;281777.938
551.215;281896.281
551.415;282014.625
551.615;282132.969
551.815;282251.313
552.015;282369.656
552.215;282488.000
552.415;282606.344
552.615;282724.688
552.815;282843.031
553.015;282961.375
553.215;283079.719
553.415;283198.063
553.615;283316.406
553.815;283434.750
554.015;283553.094
554.215;283671.438
554.415;283789.781
554.615;283908.125
554.815;284026.469
555.015;284144.813
555.215;284263.156
555.415;284381.500
555.615;284499.844
555.815;284618.188
556.016;284736.531
556.216;284854.875
556.416;284973.219
556.616;285091.563
556.816;285209.906
557.016;285328.250
557.216;285446.594
557.416;285564.938
557.616;285683.281
557.816;285801.625
558.016;285919.969
558.216;286038.313
558.416;286156.656
558.616;286275.000
558.816;286393.344
559.016;286511.688
559.216;286630.031
559.416;286748.375
559.616;286866.719
559.816;286985.063
560.016;287103.406
560.216;287221.750
560.416;287340.094
560.616;287458.438
560.816;287576.781
561.016;287695.125
561.216;287813.469
561.416;287931.813
561.616;288050.156
561.816;288168.500
562.016;288286.844
562.216;288405.188
562.416;288523.531
562.616;288641.875
562.816;288760.219
563.016;288878.563
563.216;288996.906
563.416;289115.250
563.616;289233.594
563.816;289351.938
564.016;289470.281
564.216;289588.625
564.416;289706.969
564.616;289825.313
564.816;289943.656
565.016;290062.000
565.216;290180.344
565.416;290298.688
565.616;290417.031
565.816;290535.375
566.016;290653.719
566.216;290772.063
566.416;290890.406
566.616;291008.750
566.816;291127.125
567.016;291245.500
567.216;291363.875
567.416;291482.250
567.616;291600.625
567.816;291719.000
568.016;291837.375
568.216;291955.750
568.416;292074.125
568.616;292192.500
568.816;292310.875
569.016;292429.250
569.216;292547.625
569.416;292666.000
569.616;292784.375
569.816;292902.750
570.016;293021.125
570.216;293139.500
570.416;293257.875
570.616;293376.250
570.816;293494.625
571.016;293613.000
571.216;293731.375
571.416;293849.750
571.616;293968.125
571.816;294086.500
572.016;294204.875
572.216;294323.250
572.417;294441.625
572.617;294560.000
572.817;294678.375
573.017;294796.750
573.217;294915.125
573.417;295033.500
573.617;295151.875
573.817;295270.250
574.017;295388.625
574.217;295507.000
574.417;295625.375
574.617;295743.750
574.817;295862.125
575.017;295980.500
575.217;296098.875
575.417;296217.250
575.617;296335.625
575.817;296454.000
576.017;296572.375
576.217;296690.750
576.417;296809.125
576.617;296927.500
576.817;297045.875
577.017;297164.250
577.217;297282.625
577.417;297401.000
577.617;297519.375
577.817;297637.750
578.017;297756.125
578.217;297874.500
578.417;297992.875
578.617;298111.250
578.817;298229.625
579.017;298348.000
579.217;298466.375
579.417;298584.750
579.617;298703.125
579.817;298821.500
580.017;298939.875
580.217;299058.250
580.417;299176.625
580.617;299295.000
580.817;299413.375
581.017;299531.750
581.217;299650.125
581.417;299768.500
581.617;299886.875
581.817;300005.250
582.017;300123.625
582.217;300242.000
582.417;300360.375
582.617;300478.750
582.817;300597.125
583.017;300715.500
583.217;300833.875
583.417;300952.250
583.617;301070.625
583.817;301189.000
584.017;301307.375
584.217;301425.750
584.417;301544.125
584.617;301662.500
584.817;301780.875
585.017;301899.250
585.217;302017.625
585.417;302136.000
585.617;302254.375
585.817;302372.750
586.017;302491.125
586.217;302609.500
586.417;302727.875
586.617;302846.250
586.817;302964.625
587.017;303083.000
587.217;303201.375
587.417;303319.750
587.617;303438.125
587.817;303556.500
588.017;303674.875
588.217;303793.250
588.417;303911.625
588.617;304030.000
588.818;304148.375
589.018;304266.750
589.218;304385.125
589.418;304503.500
589.618;304621.875
589.818;304740.250
590.018;304858.625
590.218;304977.000
590.418;305095.375
590.618;305213.750
590.818;305332.125
591.018;305450.500
591.218;305568.875
591.418;305687.250
591.618;305805.625
591.818;305924.000
592.018;306042.375
592.218;306160.750
592.418;306279.125
592.618;306397.500
592.818;306515.875
593.018;306634.250
593.218;306752.625
593.418;306871.000
593.618;306989.375
593.818;307107.750
594.018;307226.125
594.218;307344.500
594.418;307462.875
594.618;307581.250
594.818;307699.625
595.018;307818.000
595.218;307936.375
595.418;308054.750
595.618;308173.125
595.818;308291.500
596.018;308409.875
596.218;308528.250
596.418;308646.625
596.618;308765.000
596.818;308883.375
597.018;309001.750
597.218;309120.125
597.418;309238.500
597.618;309356.875
597.818;309475.250
598.018;309593.625
598.218;309712.000
598.418;309830.375
598.618;309948.750
598.818;310067.125
599.018;310185.500
599.218;310303.875
599.418;310422.250
599.618;310540.625
599.818;310659.000
600.018;310777.375
600.218;310895.750
600.418;311014.125
600.618;311132.500
600.818;311250.875
601.018;311369.250
601.218;311487.625
601.418;311606.000
601.618;311724.375
601.818;311842.750
602.018;311961.125
602.218;312079.500
602.418;312197.875
602.618;312316.250
602.818;312434.625
603.018;312553.000
603.218;312671.375
603.418;312789.750
603.618;312908.125
603.818;313026.500
604.018;313144.875
604.218;313263.250
604.418;313381.625
604.618;313500.000
604.818;313618.375
605.018;313736.750
605.219;313855.125
605.419;313973.500
605.619;314091.875
605.819;314210.250
606.019;314328.625
606.219;314447.000
606.419;314565.375
606.619;314683.750
606.819;314802.125
607.019;314920.500
607.219;315038.875
607.419;315157.250
607.619;315275.625
607.819;315394.000
608.019;315512.375
608.219;315630.750
608.419;315749.125
608.619;315867.500
608.819;315985.875
609.019;316104.250
609.219;316222.625
609.419;316341.000
609.619;316459.375
609.819;316577.750
610.019;316696.125
610.219;316814.500
610.419;316932.875
610.619;317051.250
610.819;317169.625
611.019;317288.000
611.219;317406.375
611.419;317524.750
611.619;317643.125
611.819;317761.500
612.019;317879.875
612.219;317998.250
612.419;318116.625
612.619;318235.000
612.819;318353.375
613.019;318471.750
613.219;318590.125
613.419;318708.500
613.619;318826.875
613.819;318945.250
614.019;319063.625
614.219;319182.000
614.419;319300.375
614.619;319418.750
614.819;319537.125
615.019;319655.500
615.219;319773.875
615.419;319892.250
615.619;320010.625
615.819;320129.000
616.019;320247.375
616.219;320365.750
616.419;320484.125
616.619;320602.531
616.819;320720.938
617.019;320839.344
617.219;320957.750
617.419;321076.156
617.619;321194.563
617.819;321312.969
618.019;321431.375
618.219;321549.781
618.419;321668.188
618.619;321786.594
618.819;321905.000
619.019;322023.406
619.219;322141.813
619.419;322260.219
619.619;322378.625
619.819;322497.031
620.019;322615.438
620.219;322733.844
620.419;322852.250
620.619;322970.656
620.819;323089.063
621.019;323207.469
621.219;323325.875
621.419;323444.281
621.620;323562.688
621.820;323681.094
622.020;323799.500
622.220;323917.906
622.420;324036.313
622.620;324154.719
622.820;324273.125
623.020;324391.531
623.220;324509.938
623.420;324628.344
623.620;324746.750
623.820;324865.156
624.020;324983.563
624.220;325101.969
624.420;325220.375
624.620;325338.781
624.820;325457.188
625.020;325575.594
625.220;325694.000
625.420;325812.406
625.620;325930.813
625.820;326049.219
626.020;326167.625
626.220;326286.031
626.420;326404.438
626.620;326522.844
626.820;326641.250
627.020;326759.656
627.220;326878.063
627.420;326996.469
627.620;327114.875
627.820;327233.281
628.020;327351.688
628.220;327470.094
628.420;327588.500
628.620;327706.906
628.820;327825.313
629.020;327943.719
629.220;328062.125
629.420;328180.531
629.620;328298.938
629.820;328417.344
630.020;328535.750
630.220;328654.156
630.420;328772.563
630.620;328890.969
630.820;329009.375
631.020;329127.781
631.220;329246.188
631.420;329364.594
631.620;329483.000
631.820;329601.406
632.020;329719.813
632.220;329838.219
632.420;329956.625
632.620;330075.031
632.820;330193.438
633.020;330311.844
633.220;330430.250
633.420;330548.656
633.620;330667.063
633.820;330785.469
634.020;330903.875
634.220;331022.281
634.420;331140.688
634.620;331259.094
634.820;331377.500
635.020;331495.906
635.220;331614.313
635.420;331732.719
635.620;331851.125
635.820;331969.531
636.020;332087.938
636.220;332206.344
636.420;332324.750
636.620;332443.156
636.820;332561.563
637.020;332679.969
637.220;332798.375
637.420;332916.781
637.620;333035.188
637.820;333153.594
638.021;333272.000
638.221;333390.406
638.421;333508.813
638.621;333627.219
638.821;333745.625
639.021;333864.031
639.221;333982.438
639.421;334100.844
639.621;334219.250
639.821;334337.656
640.021;334456.063
640.221;334574.469
640.421;334692.875
640.621;334811.281
640.821;334929.688
641.021;335048.094
641.221;335166.500
641.421;335284.906
641.621;335403.313
641.821;335521.719
642.021;335640.125
642.221;335758.531
642.421;335876.938
642.621;335995.344
642.821;336113.750
643.021;336232.156
643.221;336350.563
643.421;336468.969
643.621;336587.375
643.821;336705.781
644.021;336824.188
644.221;336942.594
644.421;337061.000
644.621;337179.406
644.821;337297.813
645.021;337416.219
645.221;337534.625
645.421;337653.031
645.621;337771.438
645.821;337889.844
646.021;338008.250
646.221;338126.656
646.421;338245.063
646.621;338363.469
646.821;338481.875
647.021;338600.281
647.221;338718.688
647.421;338837.094
647.621;338955.500
647.821;339073.906
648.021;339192.313
648.221;339310.719
648.421;339429.125
648.621;339547.531
648.821;339665.938
649.021;339784.344
649.221;339902.750
649.421;340021.156
649.621;340139.563
649.821;340257.969
650.021;340376.375
650.221;340494.781
650.421;340613.188
650.621;340731.594
650.821;340850.000
651.021;340968.406
651.221;341086.813
651.421;341205.219
651.621;341323.625
651.821;341442.031
652.021;341560.438
652.221;341678.844
652.421;341797.250
652.621;341915.656
652.821;342034.063
653.021;342152.469
653.221;342270.875
653.421;342389.281
653.621;342507.688
653.821;342626.094
654.021;342744.500
654.221;342862.906
654.422;342981.313
654.622;343099.719
654.822;343218.125
655.022;343336.531
655.222;343454.938
655.422;343573.344
655.622;343691.750
655.822;343810.156
656.022;343928.563
656.222;344046.969
656.422;344165.375
656.622;344283.781
656.822;344402.188
657.022;344520.594
657.222;344639.000
657.422;344757.406
657.622;344875.813
657.822;344994.219
658.022;345112.625
658.222;345231.031
658.422;345349.438
658.622;345467.844
658.822;345586.250
659.022;345704.656
659.222;345823.063
659.422;345941.469
659.622;346059.875
659.822;346178.281
660.022;346296.688
660.222;346415.094
660.422;346533.500
660.622;346651.906
660.822;346770.313
661.022;346888.719
661.222;347007.125
661.422;347125.531
661.622;347243.938
661.822;347362.344
662.022;347480.750
662.222;347599.156
662.422;347717.563
662.622;347835.969
662.822;347954.375
663.022;348072.781
663.222;348191.188
663.422;348309.594
663.622;348428.000
663.822;348546.406
664.022;348664.813
664.222;348783.219
664.422;348901.625
664.622;349020.031
664.822;349138.438
665.022;349256.844
665.222;349375.250
665.422;349493.656
665.622;349612.063
665.822;349730.469
666.022;349848.875
666.222;349967.281
666.422;350085.688
666.622;350204.094
666.822;350322.500
667.022;350440.906
667.222;350559.313
667.422;350677.719
667.622;350796.125
667.822;350914.531
668.022;351032.938
668.222;351151.344
668.422;351269.750
668.622;351388.156
668.822;351506.563
669.022;351624.969
669.222;351743.375
669.422;351861.781
669.622;351980.188
669.822;352098.594
670.022;352217.000
670.222;352335.406
670.422;352453.813
670.622;352572.219
670.823;352690.625
671.023;352809.031
671.223;352927.438
671.423;353045.844
671.623;353164.250
671.823;353282.656
672.023;353401.063
672.223;353519.469
672.423;353637.875
672.623;353756.281
672.823;353874.688
673.023;353993.094
673.223;354111.500
673.423;354229.906
673.623;354348.313
673.823;354466.719
674.023;354585.125
674.223;354703.531
674.423;354821.938
674.623;354940.344
674.823;355058.750
675.023;355177.156
675.223;355295.563
675.423;355413.969
675.623;355532.375
675.823;355650.781
676.023;355769.188
676.223;355887.594
676.423;356006.000
676.623;356124.406
676.823;356242.813
677.023;356361.219
677.223;356479.625
677.423;356598.031
677.623;356716.438
677.823;356834.844
678.023;356953.250
678.223;357071.656
678.423;357190.063
678.623;357308.469
678.823;357426.875
679.023;357545.281
679.223;357663.688
679.423;357782.094
679.623;357900.500
679.823;358018.906
680.023;358137.313
680.223;358255.719
680.423;358374.125
680.623;358492.531
680.823;358610.938
681.023;358729.344
681.223;358847.750
681.423;358966.156
681.623;359084.563
681.823;359202.969
682.023;359321.375
682.223;359439.781
682.423;359558.188
682.623;359676.594
682.823;359795.000
683.023;359913.406
683.223;360031.813
683.423;360150.219
683.623;360268.625
683.823;360387.031
684.023;360505.438
684.223;360623.844
684.423;360742.250
684.623;360860.656
684.823;360979.063
685.023;361097.469
685.223;361215.875
685.423;361334.281
685.623;361452.688
685.823;361571.094
686.023;361689.500
686.223;361807.906
686.423;361926.313
686.623;362044.719
686.823;362163.125
687.023;362281.531
687.224;362399.938
687.424;362518.344
687.624;362636.750
687.824;362755.156
688.024;362873.563
688.224;362991.969
688.424;363110.375
688.624;363228.781
688.824;363347.188
689.024;363465.594
689.224;363584.000
689.424;363702.406
689.624;363820.813
689.824;363939.219
690.024;364057.625
690.224;364176.031
690.424;364294.438
690.624;364412.844
690.824;364531.250
691.024;364649.656
691.224;364768.063
691.424;364886.469
691.624;365004.875
691.824;365123.281
692.024;365241.688
692.224;365360.094
692.424;365478.500
692.624;365596.906
692.824;365715.313
693.024;365833.719
693.224;365952.125
693.424;366070.531
693.624;366188.938
693.824;366307.344
694.024;366425.750
694.224;366544.156
694.424;366662.563
694.624;366780.969
694.824;366899.375
695.024;367017.781
695.224;367136.188
695.424;367254.594
695.624;367373.000
695.824;367491.406
696.024;367609.813
696.224;367728.219
696.424;367846.625
696.624;367965.031
696.824;368083.438
697.024;368201.844
697.224;368320.250
697.424;368438.656
697.624;368557.063
697.824;368675.469
698.024;368793.875
698.224;368912.281
698.424;369030.688
698.624;369149.094
698.824;369267.500
699.024;369385.906
699.224;369504.313
699.424;369622.719
699.624;369741.125
699.824;369859.531
700.024;369977.938
700.224;370096.344
700.424;370214.750
700.624;370333.156
700.824;370451.563
701.024;370569.969
701.224;370688.375
701.424;370806.781
701.624;370925.188
701.824;371043.594
702.024;371162.000
702.224;371280.406
702.424;371398.813
702.624;371517.219
702.824;371635.625
703.024;371754.031
703.224;371872.438
703.424;371990.844
703.625;372109.250
703.825;372227.656
704.025;372346.063
704.225;372464.469
704.425;372582.875
704.625;372701.281
704.825;372819.688
705.025;372938.094
705.225;373056.500
705.425;373174.906
705.625;373293.313
705.825;373411.719
706.025;373530.125
706.225;373648.531
706.425;373766.938
706.625;373885.344
706.825;374003.750
707.025;374122.156
707.225;374240.563
707.425;374358.969
707.625;374477.375
707.825;374595.781
708.025;374714.188
708.225;374832.594
708.425;374951.000
708.625;375069.406
708.825;375187.813
709.025;375306.219
709.225;375424.625
709.425;375543.031
709.625;375661.438
709.825;375779.844
710.025;375898.250
710.225;376016.656
710.425;376135.063
710.625;376253.469
710.825;376371.875
711.025;376490.281
711.225;376608.688
711.425;376727.094
711.625;376845.500
711.825;376963.906
712.025;377082.313
712.225;377200.719
712.425;377319.125
712.625;377437.531
712.825;377555.938
713.025;377674.344
713.225;377792.750
713.425;377911.156
713.625;378029.563
713.825;378147.969
714.025;378266.375
714.225;378384.781
714.425;378503.188
714.625;378621.594
714.825;378740.000
715.025;378858.406
715.225;378976.813
715.425;379095.219
715.625;379213.625
715.825;379332.031
716.025;379450.438
716.225;379568.844
716.425;379687.250
716.625;379805.656
716.825;379924.063
717.025;380042.469
717.225;380160.875
717.425;380279.281
717.625;380397.688
717.825;380516.094
718.025;380634.500
718.225;380752.906
718.425;380871.313
718.625;380989.719
718.825;381108.125
719.025;381226.531
719.225;381344.938
719.425;381463.344
719.625;381581.750
719.826;381700.156
720.026;381818.563
720.226;381936.969
720.426;382055.375
720.626;382173.781
720.826;382292.188
721.026;382410.594
721.226;382529.000
721.426;382647.406
721.626;382765.813
721.826;382884.219
722.026;383002.625
722.226;383121.031
722.426;383239.438
722.626;383357.844
722.826;383476.250
723.026;383594.656
723.226;383713.063
723.426;383831.469
723.626;383949.875
723.826;384068.281
724.026;384186.688
724.226;384305.094
724.426;384423.500
724.626;384541.906
724.826;384660.313
725.026;384778.719
725.226;384897.125
725.426;385015.531
725.626;385133.938
725.826;385252.344
726.026;385370.750
726.226;385489.156
726.426;385607.563
726.626;385725.969
726.826;385844.375
727.026;385962.781
727.226;386081.188
727.426;386199.594
727.626;386318.000
727.826;386436.406
728.026;386554.813
728.226;386673.219
728.426;386791.625
728.626;386910.031
728.826;387028.438
729.026;387146.844
729.226;387265.250
729.426;387383.656
729.626;387502.063
729.826;387620.469
730.026;387738.875
730.226;387857.281
730.426;387975.688
730.626;388094.094
730.826;388212.500
731.026;388330.906
731.226;388449.313
731.426;388567.719
731.626;388686.125
731.826;388804.531
732.026;388922.938
732.226;389041.344
732.426;389159.750
732.626;389278.156
732.826;389396.563
733.026;389514.969
733.226;389633.375
733.426;389751.781
733.626;389870.188
733.826;389988.594
734.026;390107.000
734.226;390225.406
734.426;390343.813
734.626;390462.219
734.826;390580.625
735.026;390699.031
735.226;390817.438
735.426;390935.844
735.626;391054.250
735.826;391172.656
736.026;391291.063
736.227;391409.469
736.427;391527.875
736.627;391646.281
736.827;391764.688
737.027;391883.094
737.227;392001.500
737.427;392119.906
737.627;392238.313
737.827;392356.719
738.027;392475.125
738.227;392593.531
738.427;392711.938
738.627;392830.344
738.827;392948.750
739.027;393067.156
739.227;393185.563
739.427;393303.969
739.627;393422.375
739.827;393540.781
740.027;393659.188
740.227;393777.594
740.427;393896.000
740.627;394014.406
740.827;394132.813
741.027;394251.219
741.227;394369.625
741.427;394488.031
741.627;394606.438
741.827;394724.844
742.027;394843.250
742.227;394961.656
742.427;395080.063
742.627;395198.469
742.827;395316.875
743.027;395435.281
743.227;395553.688
743.427;395672.094
743.627;395790.500
743.827;395908.906
744.027;396027.313
744.227;396145.719
744.427;396264.125
744.627;396382.531
744.827;396500.938
745.027;396619.344
745.227;396737.750
745.427;396856.156
745.627;396974.563
745.827;397092.969
746.027;397211.375
746.227;397329.781
746.427;397448.188
746.627;397566.594
746.827;397685.000
747.027;397803.406
747.227;397921.813
747.427;398040.219
747.627;398158.625
747.827;398277.031
748.027;398395.438
748.227;398513.844
748.427;398632.250
748.627;398750.656
748.827;398869.063
749.027;398987.469
749.227;399105.875
749.427;399224.281
749.627;399342.688
749.827;399461.094
750.027;399579.500
750.227;399697.906
750.427;399816.313
750.627;399934.719
750.827;400053.125
751.027;400171.531
751.227;400289.938
751.427;400408.344
751.627;400526.750
751.827;400645.156
752.027;400763.563
752.227;400881.969
752.427;401000.375
752.628;401118.781
752.828;401237.188
753.028;401355.594
753.228;401474.000
753.428;401592.406
753.628;401710.813
753.828;401829.219
754.028;401947.625
754.228;402066.031
754.428;402184.438
754.628;402302.844
754.828;402421.250
755.028;402539.656
755.228;402658.063
755.428;402776.469
755.628;402894.875
755.828;403013.281
756.028;403131.688
756.228;403250.094
756.428;403368.500
756.628;403486.906
756.828;403605.313
757.028;403723.719
757.228;403842.125
757.428;403960.531
757.628;404078.938
757.828;404197.344
758.028;404315.750
758.228;404434.156
758.428;404552.563
758.628;404670.969
758.828;404789.375
759.028;404907.781
759.228;405026.188
759.428;405144.594
759.628;405263.000
759.828;405381.406
760.028;405499.813
760.228;405618.219
760.428;405736.625
760.628;405855.031
760.828;405973.438
761.028;406091.844
761.228;406210.250
761.428;406328.656
761.628;406447.063
761.828;406565.469
762.028;406683.875
762.228;406802.281
762.428;406920.688
762.628;407039.094
762.828;407157.500
763.028;407275.906
763.228;407394.313
763.428;407512.719
763.628;407631.125
763.828;407749.531
764.028;407867.938
764.228;407986.344
764.428;408104.750
764.628;408223.156
764.828;408341.563
765.028;408459.969
765.228;408578.375
765.428;408696.781
765.628;408815.188
765.828;408933.594
766.028;409052.000
766.228;409170.406
766.428;409288.813
766.628;409407.219
766.828;409525.625
767.028;409644.031
767.228;409762.438
767.428;409880.844
767.628;409999.250
767.828;410117.656
768.028;410236.063
768.228;410354.469
768.428;410472.875
768.628;410591.281
768.828;410709.688
769.029;410828.094
769.229;410946.500
769.429;411064.906
769.629;411183.313
769.829;411301.719
770.029;411420.125
770.229;411538.531
770.429;411656.938
770.629;411775.344
770.829;411893.750
771.029;412012.156
771.229;412130.563
771.429;412248.969
771.629;412367.375
771.829;412485.781
772.029;412604.188
772.229;412722.594
772.429;412841.000
772.629;412959.406
772.829;413077.813
773.029;413196.219
773.229;413314.625
773.429;413433.031
773.629;413551.438
773.829;413669.844
774.029;413788.250
774.229;413906.656
774.429;414025.063
774.629;414143.469
774.829;414261.875
775.029;414380.281
775.229;414498.688
775.429;414617.094
775.629;414735.500
775.829;414853.906
776.029;414972.313
776.229;415090.719
776.429;415209.125
776.629;415327.531
776.829;415445.938
777.029;415564.344
777.229;415682.750
777.429;415801.156
777.629;415919.563
777.829;416037.969
778.029;416156.375
778.229;416274.781
778.429;416393.188
778.629;416511.594
778.829;416630.000
779.029;416748.406
779.229;416866.813
779.429;416985.219
779.629;417103.625
779.829;417222.031
780.029;417340.438
780.229;417458.844
780.429;417577.250
780.629;417695.656
780.829;417814.063
781.029;417932.469
781.229;418050.875
781.429;418169.281
781.629;418287.688
781.829;418406.094
782.029;418524.500
782.229;418642.906
782.429;418761.313
782.629;418879.719
782.829;418998.125
783.029;419116.531
783.229;419234.938
783.429;419353.344
783.629;419471.750
783.829;419590.156
784.029;419708.563
784.229;419826.969
784.429;419945.375
784.629;420063.781
784.829;420182.188
785.029;420300.594
785.229;420419.000
785.430;420537.406
785.630;420655.813
785.830;420774.219
786.030;420892.625
786.230;421011.031
786.430;421129.438
786.630;421247.844
786.830;421366.250
787.030;421484.656
787.230;421603.063
787.430;421721.469
787.630;421839.875
787.830;421958.281
788.030;422076.688
788.230;422195.094
788.430;422313.500
788.630;422431.906
788.830;422550.313
789.030;422668.719
789.230;422787.125
789.430;422905.531
789.630;423023.938
789.830;423142.344
790.030;423260.750
790.230;423379.156
790.430;423497.563
790.630;423615.969
790.830;423734.375
791.030;423852.781
791.230;423971.188
791.430;424089.594
791.630;424208.000
791.830;424326.406
792.030;424444.813
792.230;424563.219
792.430;424681.625
792.630;424800.031
792.830;424918.438
793.030;425036.844
793.230;425155.250
793.430;425273.656
793.630;425392.063
793.830;425510.469
794.030;425628.875
794.230;425747.281
794.430;425865.688
794.630;425984.094
794.830;426102.500
795.030;426220.906
795.230;426339.313
795.430;426457.719
795.630;426576.125
795.830;426694.531
796.030;426812.938
796.230;426931.344
796.430;427049.750
796.630;427168.156
796.830;427286.563
797.030;427404.969
797.230;427523.375
797.430;427641.781
797.630;427760.188
797.830;427878.594
798.030;427997.000
798.230;428115.406
798.430;428233.813
798.630;428352.219
798.830;428470.625
799.030;428589.031
799.230;428707.438
799.430;428825.844
799.630;428944.250
799.830;429062.656
800.030;429181.063
800.230;429299.469
800.430;429417.875
800.630;429536.281
800.830;429654.688
801.030;429773.094
801.230;429891.500
801.430;430009.906
801.630;430128.313
801.831;430246.719
802.031;430365.125
802.231;430483.531
802.431;430601.938
802.631;430720.344
802.831;430838.750
803.031;430957.156
803.231;431075.563
803.431;431193.969
803.631;431312.375
803.831;431430.781
804.031;431549.188
804.231;431667.594
804.431;431786.000
804.631;431904.406
804.831;432022.813
805.031;432141.219
805.231;432259.625
805.431;432378.031
805.631;432496.438
805.831;432614.844
806.031;432733.250
806.231;432851.656
806.431;432970.063
806.631;433088.469
806.831;433206.875
807.031;433325.281
807.231;433443.688
807.431;433562.094
807.631;433680.500
807.831;433798.906
808.031;433917.313
808.231;434035.719
808.431;434154.125
808.631;434272.531
808.831;434390.938
809.031;434509.344
809.231;434627.750
809.431;434746.156
809.631;434864.563
809.831;434982.969
810.031;435101.375
810.231;435219.781
810.431;435338.188
810.631;435456.594
810.831;435575.000
811.031;435693.406
811.231;435811.813
811.431;435930.219
811.631;436048.625
811.831;436167.031
812.031;436285.438
812.231;436403.844
812.431;436522.250
812.631;436640.656
812.831;436759.063
813.031;436877.469
813.231;436995.875
813.431;437114.281
813.631;437232.688
813.831;437351.094
814.031;437469.500
814.231;437587.906
814.431;437706.313
814.631;437824.719
814.831;437943.125
815.031;438061.531
815.231;438179.938
815.431;438298.344
815.631;438416.750
815.831;438535.156
816.031;438653.563
816.231;438771.969
816.431;438890.375
816.631;439008.781
816.831;439127.188
817.031;439245.594
817.231;439364.000
817.431;439482.406
817.631;439600.813
817.831;439719.219
818.031;439837.625
818.232;439956.031
818.432;440074.438
818.632;440192.844
818.832;440311.250
819.032;440429.656
819.232;440548.063
819.432;440666.469
819.632;440784.875
819.832;440903.281
820.032;441021.688
820.232;441140.094
820.432;441258.500
820.632;441376.906
820.832;441495.313
821.032;441613.719
821.232;441732.125
821.432;441850.531
821.632;441968.938
821.832;442087.344
822.032;442205.750
822.232;442324.156
822.432;442442.563
822.632;442560.969
822.832;442679.375
823.032;442797.781
823.232;442916.188
823.432;443034.594
823.632;443153.000
823.832;443271.406
824.032;443389.813
824.232;443508.219
824.432;443626.625
824.632;443745.031
824.832;443863.438
825.032;443981.844
825.232;444100.250
825.432;444218.656
825.632;444337.063
825.832;444455.469
826.032;444573.875
826.232;444692.281
826.432;444810.688
826.632;444929.094
826.832;445047.500
827.032;445165.906
827.232;445284.313
827.432;445402.719
827.632;445521.125
827.832;445639.531
828.032;445757.938
828.232;445876.344
828.432;445994.750
828.632;446113.156
828.832;446231.563
829.032;446349.969
829.232;446468.375
829.432;446586.781
829.632;446705.188
829.832;446823.594
830.032;446942.000
830.232;447060.406
830.432;447178.813
830.632;447297.219
830.832;447415.625
831.032;447534.031
831.232;447652.438
831.432;447770.844
831.632;447889.250
831.832;448007.656
832.032;448126.063
832.232;448244.469
832.432;448362.875
832.632;448481.281
832.832;448599.688
833.032;448718.094
833.232;448836.500
833.432;448954.906
833.632;449073.313
833.832;449191.719
834.032;449310.125
834.232;449428.531
834.432;449546.938
834.633;449665.344
834.833;449783.750
835.033;449902.156
835.233;450020.563
835.433;450138.969
835.633;450257.375
835.833;450375.781
836.033;450494.188
836.233;450612.594
836.433;450731.000
836.633;450849.406
836.833;450967.813
837.033;451086.219
837.233;451204.625
837.433;451323.031
837.633;451441.438
837.833;451559.844
838.033;451678.250
838.233;451796.656
838.433;451915.063
838.633;452033.469
838.833;452151.875
839.033;452270.281
839.233;452388.688
839.433;452507.094
839.633;452625.500
839.833;452743.906
840.033;452862.313
840.233;452980.719
840.433;453099.125
840.633;453217.531
840.833;453335.938
841.033;453454.344
841.233;453572.750
841.433;453691.156
841.633;453809.563
841.833;453927.969
842.033;454046.375
842.233;454164.781
842.433;454283.188
842.633;454401.594
842.833;454520.000
843.033;454638.406
843.233;454756.813
843.433;454875.219
843.633;454993.625
843.833;455112.031
844.033;455230.438
844.233;455348.844
844.433;455467.250
844.633;455585.656
844.833;455704.063
845.033;455822.469
845.233;455940.875
845.433;456059.281
845.633;456177.688
845.833;456296.094
846.033;456414.500
846.233;456532.906
846.433;456651.313
846.633;456769.719
846.833;456888.125
847.033;457006.531
847.233;457124.938
847.433;457243.344
847.633;457361.750
847.833;457480.156
848.033;457598.563
848.233;457716.969
848.433;457835.375
848.633;457953.781
848.833;458072.188
849.033;458190.594
849.233;458309.000
849.433;458427.406
849.633;458545.813
849.833;458664.219
850.033;458782.625
850.233;458901.031
850.433;459019.438
850.633;459137.844
850.833;459256.250
851.034;459374.656
851.234;459493.063
851.434;459611.469
851.634;459729.875
851.834;459848.281
852.034;459966.688
852.234;460085.094
852.434;460203.500
852.634;460321.906
852.834;460440.313
853.034;460558.719
853.234;460677.125
853.434;460795.531
853.634;460913.938
853.834;461032.344
854.034;461150.750
854.234;461269.156
854.434;461387.563
854.634;461505.969
854.834;461624.375
855.034;461742.781
855.234;461861.188
855.434;461979.594
855.634;462098.000
855.834;462216.406
856.034;462334.813
856.234;462453.219
856.434;462571.625
856.634;462690.031
856.834;462808.438
857.034;462926.844
857.234;463045.250
857.434;463163.656
857.634;463282.063
857.834;463400.469
858.034;463518.875
858.234;463637.281
858.434;463755.688
858.634;463874.094
858.834;463992.500
859.034;464110.906
859.234;464229.313
859.434;464347.719
859.634;464466.125
859.834;464584.531
860.034;464702.938
860.234;464821.344
860.434;464939.750
860.634;465058.156
860.834;465176.563
861.034;465294.969
861.234;465413.375
861.434;465531.781
861.634;465650.188
861.834;465768.594
862.034;465887.000
862.234;466005.406
862.434;466123.813
862.634;466242.219
862.834;466360.625
863.034;466479.031
863.234;466597.438
863.434;466715.844
863.634;466834.250
863.834;466952.656
864.034;467071.063
864.234;467189.469
864.434;467307.875
864.634;467426.281
864.834;467544.688
865.034;467663.094
865.234;467781.500
865.434;467899.906
865.634;468018.313
865.834;468136.719
866.034;468255.125
866.234;468373.531
866.434;468491.938
866.634;468610.344
866.834;468728.750
867.034;468847.156
867.234;468965.563
867.435;469083.969
867.635;469202.375
867.835;469320.781
868.035;469439.188
868.235;469557.594
868.435;469676.000
868.635;469794.406
868.835;469912.813
869.035;470031.219
869.235;470149.625
869.435;470268.031
869.635;470386.438
869.835;470504.844
870.035;470623.250
870.235;470741.656
870.435;470860.063
870.635;470978.469
870.835;471096.875
871.035;471215.281
871.235;471333.688
871.435;471452.094
871.635;471570.500
871.835;471688.906
872.035;471807.313
872.235;471925.719
872.435;472044.125
872.635;472162.531
872.835;472280.938
873.035;472399.344
873.235;472517.750
873.435;472636.156
873.635;472754.563
873.835;472872.969
874.035;472991.375
874.235;473109.781
874.435;473228.188
874.635;473346.594
874.835;473465.000
875.035;473583.406
875.235;473701.813
875.435;473820.219
875.635;473938.625
875.835;474057.031
876.035;474175.438
876.235;474293.844
876.435;474412.250
876.635;474530.656
876.835;474649.063
877.035;474767.469
877.235;474885.875
877.435;475004.281
877.635;475122.688
877.835;475241.094
878.035;475359.500
878.235;475477.906
878.435;475596.313
878.635;475714.719
878.835;475833.125
879.035;475951.531
879.235;476069.938
879.435;476188.344
879.635;476306.750
879.835;476425.156
880.035;476543.563
880.235;476661.969
880.435;476780.375
880.635;476898.781
880.835;477017.188
881.035;477135.594
881.235;477254.000
881.435;477372.406
881.635;477490.813
881.835;477609.219
882.035;477727.625
882.235;477846.031
882.435;477964.438
882.635;478082.844
882.835;478201.250
883.035;478319.656
883.235;478438.063
883.435;478556.469
883.635;478674.875
883.836;478793.281
884.036;478911.688
884.236;479030.094
884.436;479148.500
884.636;479266.906
884.836;479385.313
885.036;479503.719
885.236;479622.125
885.436;479740.531
885.636;479858.938
885.836;479977.344
886.036;480095.750
886.236;480214.156
886.436;480332.563
886.636;480450.969
886.836;480569.375
887.036;480687.781
887.236;480806.188
887.436;480924.594
887.636;481043.000
887.836;481161.406
888.036;481279.813
888.236;481398.219
888.436;481516.625
888.636;481635.031
888.836;481753.438
889.036;481871.844
889.236;481990.250
889.436;482108.656
889.636;482227.063
889.836;482345.469
890.036;482463.875
890.236;482582.281
890.436;482700.688
890.636;482819.094
890.836;482937.500
891.036;483055.906
891.236;483174.313
891.436;483292.719
891.636;483411.125
891.836;483529.531
892.036;483647.938
892.236;483766.344
892.436;483884.750
892.636;484003.156
892.836;484121.563
893.036;484239.969
893.236;484358.375
893.436;484476.781
893.636;484595.188
893.836;484713.594
894.036;484832.000
894.236;484950.406
894.436;485068.813
894.636;485187.219
894.836;485305.625
895.036;485424.031
895.236;485542.438
895.436;485660.844
895.636;485779.250
895.836;485897.656
896.036;486016.063
896.236;486134.469
896.436;486252.875
896.636;486371.281
896.836;486489.688
897.036;486608.094
897.236;486726.500
897.436;486844.906
897.636;486963.313
897.836;487081.719
898.036;487200.125
898.236;487318.531
898.436;487436.938
898.636;487555.344
898.836;487673.750
899.036;487792.156
899.236;487910.563
899.436;488028.969
899.636;488147.375
899.836;488265.781
900.036;488384.188
900.237;488502.594
900.437;488621.000
900.637;488739.406
900.837;488857.813
901.037;488976.219
901.237;489094.625
901.437;489213.031
901.637;489331.438
901.837;489449.844
902.037;489568.250
902.237;489686.656
902.437;489805.063
902.637;489923.469
902.837;490041.875
903.037;490160.281
903.237;490278.688
903.437;490397.094
903.637;490515.500
903.837;490633.906
904.037;490752.313
904.237;490870.719
904.437;490989.125
904.637;491107.531
904.837;491225.938
905.037;491344.344
905.237;491462.750
905.437;491581.156
905.637;491699.563
905.837;491817.969
906.037;491936.375
906.237;492054.781
906.437;492173.188
906.637;492291.594
906.837;492410.000
907.037;492528.406
907.237;492646.813
907.437;492765.219
907.637;492883.625
907.837;493002.031
908.037;493120.438
908.237;493238.844
908.437;493357.250
908.637;493475.656
908.837;493594.063
909.037;493712.469
909.237;493830.875
909.437;493949.281
909.637;494067.688
909.837;494186.094
910.037;494304.500
910.237;494422.906
910.437;494541.313
910.637;494659.719
910.837;494778.125
911.037;494896.531
911.237;495014.938
911.437;495133.344
911.637;495251.750
911.837;495370.156
912.037;495488.563
912.237;495606.969
912.437;495725.375
912.637;495843.781
912.837;495962.188
913.037;496080.594
913.237;496199.000
913.437;496317.406
913.637;496435.813
913.837;496554.219
914.037;496672.625
914.237;496791.031
914.437;496909.438
914.637;497027.844
914.837;497146.250
915.037;497264.656
915.237;497383.063
915.437;497501.469
915.637;497619.875
915.837;497738.281
916.037;497856.688
916.237;497975.094
916.438;498093.500
916.638;498211.906
916.838;498330.313
917.038;498448.719
917.238;498567.125
917.438;498685.531
917.638;498803.938
917.838;498922.344
918.038;499040.750
918.238;499159.156
918.438;499277.563
918.638;499395.969
918.838;499514.375
919.038;499632.781
919.238;499751.188
919.438;499869.594
919.638;499988.000
919.838;500106.406
920.038;500224.813
920.238;500343.219
920.438;500461.625
920.638;500580.031
920.838;500698.438
921.038;500816.844
921.238;500935.250
921.438;501053.656
921.638;501172.063
921.838;501290.469
922.038;501408.875
922.238;501527.281
922.438;501645.688
922.638;501764.094
922.838;501882.500
923.038;502000.906
923.238;502119.313
923.438;502237.719
923.638;502356.125
923.838;502474.531
924.038;502592.938
924.238;502711.344
924.438;502829.750
924.638;502948.156
924.838;503066.563
925.038;503184.969
925.238;503303.375
925.438;503421.781
925.638;503540.188
925.838;503658.594
926.038;503777.000
926.238;503895.406
926.438;504013.813
926.638;504132.219
926.838;504250.625
927.038;504369.031
927.238;504487.438
927.438;504605.844
927.638;504724.250
927.838;504842.656
928.038;504961.063
928.238;505079.469
928.438;505197.875
928.638;505316.281
928.838;505434.688
929.038;505553.094
929.238;505671.500
929.438;505789.906
929.638;505908.313
929.838;506026.719
930.038;506145.125
930.238;506263.531
930.438;506381.938
930.638;506500.344
930.838;506618.750
931.038;506737.156
931.238;506855.563
931.438;506973.969
931.638;507092.375
931.838;507210.781
932.038;507329.188
932.238;507447.594
932.438;507566.000
932.638;507684.406
932.839;507802.813
933.039;507921.219
933.239;508039.625
933.439;508158.031
933.639;508276.438
933.839;508394.844
934.039;508513.250
934.239;508631.656
934.439;508750.063
934.639;508868.469
934.839;508986.875
935.039;509105.281
935.239;509223.688
935.439;509342.094
935.639;509460.500
935.839;509578.906
936.039;509697.313
936.239;509815.719
936.439;509934.125
936.639;510052.531
936.839;510170.938
937.039;510289.344
937.239;510407.750
937.439;510526.156
937.639;510644.563
937.839;510762.969
938.039;510881.375
938.239;510999.781
938.439;511118.188
938.639;511236.594
938.839;511355.000
939.039;511473.406
939.239;511591.813
939.439;511710.219
939.639;511828.625
939.839;511947.031
940.039;512065.438
940.239;512183.844
940.439;512302.250
940.639;512420.656
940.839;512539.063
941.039;512657.469
941.239;512775.875
941.439;512894.281
941.639;513012.688
941.839;513131.094
942.039;513249.500
942.239;513367.906
942.439;513486.313
942.639;513604.719
942.839;513723.125
943.039;513841.531
943.239;513959.938
943.439;514078.344
943.639;514196.750
943.839;514315.156
944.039;514433.563
944.239;514551.969
944.439;514670.375
944.639;514788.781
944.839;514907.188
945.039;515025.594
945.239;515144.000
945.439;515262.406
945.639;515380.813
945.839;515499.219
946.039;515617.625
946.239;515736.031
946.439;515854.438
946.639;515972.844
946.839;516091.250
947.039;516209.656
947.239;516328.063
947.439;516446.469
947.639;516564.875
947.839;516683.281
948.039;516801.688
948.239;516920.094
948.439;517038.500
948.639;517156.906
948.839;517275.313
949.039;517393.719
949.240;517512.125
949.440;517630.531
949.640;517748.938
949.840;517867.344
950.040;517985.750
950.240;518104.156
950.440;518222.563
950.640;518340.969
950.840;518459.375
951.040;518577.781
951.240;518696.188
951.440;518814.594
951.640;518933.000
951.840;519051.406
952.040;519169.813
952.240;519288.219
952.440;519406.625
952.640;519525.031
952.840;519643.438
953.040;519761.844
953.240;519880.250
953.440;519998.656
953.640;520117.063
953.840;520235.469
954.040;520353.875
954.240;520472.281
954.440;520590.688
954.640;520709.094
954.840;520827.500
955.040;520945.906
955.240;521064.313
955.440;521182.719
955.640;521301.125
955.840;521419.531
956.040;521537.938
956.240;521656.344
956.440;521774.750
956.640;521893.156
956.840;522011.563
957.040;522129.969
957.240;522248.375
957.440;522366.781
957.640;522485.188
957.840;522603.594
958.040;522722.000
958.240;522840.406
958.440;522958.813
958.640;523077.219
958.840;523195.625
959.040;523314.031
959.240;523432.438
959.440;523550.844
959.640;523669.250
959.840;523787.656
960.040;523906.063
960.240;524024.469
960.440;524142.875
960.640;524261.281
960.840;524379.688
961.040;524498.125
961.240;524616.563
961.440;524735.000
961.640;524853.438
961.840;524971.875
962.040;525090.313
962.240;525208.750
962.440;525327.188
962.640;525445.625
962.840;525564.063
963.040;525682.500
963.240;525800.938
963.440;525919.375
963.640;526037.813
963.840;526156.250
964.040;526274.688
964.240;526393.125
964.440;526511.563
964.640;526630.000
964.840;526748.438
965.040;526866.875
965.240;526985.313
965.440;527103.750
965.641;527222.188
965.841;527340.625
966.041;527459.063
966.241;527577.500
966.441;527695.938
966.641;527814.375
966.841;527932.813
967.041;528051.250
967.241;528169.688
967.441;528288.125
967.641;528406.563
967.841;528525.000
968.041;528643.438
968.241;528761.875
968.441;528880.313
968.641;528998.750
968.841;529117.188
969.041;529235.625
969.241;529354.063
969.441;529472.500
969.641;529590.938
969.841;529709.375
970.041;529827.813
970.241;529946.250
970.441;530064.688
970.641;530183.125
970.841;530301.563
971.041;530420.000
971.241;530538.438
971.441;530656.875
971.641;530775.313
971.841;530893.750
972.041;531012.188
972.241;531130.625
972.441;531249.063
972.641;531367.500
972.841;531485.938
973.041;531604.375
973.241;531722.813
973.441;531841.250
973.641;531959.688
973.841;532078.125
974.041;532196.563
974.241;532315.000
974.441;532433.438
974.641;532551.875
974.841;532670.313
975.041;532788.750
975.241;532907.188
975.441;533025.625
975.641;533144.063
975.841;533262.500
976.041;533380.938
976.241;533499.375
976.441;533617.813
976.641;533736.250
976.841;533854.688
977.041;533973.125
977.241;534091.563
977.441;534210.000
977.641;534328.438
977.841;534446.875
978.041;534565.313
978.241;534683.750
978.441;534802.188
978.641;534920.625
978.841;535039.063
979.041;535157.500
979.241;535275.938
979.441;535394.375
979.641;535512.813
979.841;535631.250
980.041;535749.688
980.241;535868.125
980.441;535986.563
980.641;536105.000
980.841;536223.438
981.041;536341.875
981.241;536460.313
981.441;536578.750
981.641;536697.188
981.841;536815.625
982.042;536934.063
982.242;537052.500
982.442;537170.938
982.642;537289.375
982.842;537407.813
983.042;537526.250
983.242;537644.688
983.442;537763.125
983.642;537881.563
983.842;538000.000
984.042;538118.438
984.242;538236.875
984.442;538355.313
984.642;538473.750
984.842;538592.188
985.042;538710.625
985.242;538829.063
985.442;538947.500
985.642;539065.938
985.842;539184.375
986.042;539302.813
986.242;539421.250
986.442;539539.688
986.642;539658.125
986.842;539776.563
987.042;539895.000
987.242;540013.438
987.442;540131.875
987.642;540250.313
987.842;540368.750
988.042;540487.188
988.242;540605.625
988.442;540724.063
988.642;540842.500
988.842;540960.938
989.042;541079.375
989.242;541197.813
989.442;541316.250
989.642;541434.688
989.842;541553.125
990.042;541671.563
990.242;541790.000
990.442;541908.438
990.642;542026.875
990.842;542145.313
991.042;542263.750
991.242;542382.188
991.442;542500.625
991.642;542619.063
991.842;542737.500
992.042;542855.938
992.242;542974.375
992.442;543092.813
992.642;543211.250
992.842;543329.688
993.042;543448.125
993.242;543566.563
993.442;543685.000
993.642;543803.438
993.842;543921.875
994.042;544040.313
994.242;544158.750
994.442;544277.188
994.642;544395.625
994.842;544514.063
995.042;544632.500
995.242;544750.938
995.442;544869.375
995.642;544987.813
995.842;545106.250
996.042;545224.688
996.242;545343.125
996.442;545461.563
996.642;545580.000
996.842;545698.438
997.042;545816.875
997.242;545935.313
997.442;546053.750
997.642;546172.188
997.842;546290.625
998.042;546409.063
998.242;546527.500
998.443;546645.938
998.643;546764.375
998.843;546882.813
999.043;547001.250
999.243;547119.688
999.443;547238.125
999.643;547356.563
999.843;547475.000
