0.000;1.567
0.200;3.130
0.400;4.689
0.600;6.243
0.800;7.794
1.000;9.340
1.200;10.883
1.400;12.421
1.600;13.955
1.800;15.485
2.000;17.011
2.200;18.533
2.400;20.051
2.600;21.565
2.800;23.075
3.000;24.581
3.200;26.083
3.400;27.581
3.600;29.075
3.800;30.565
4.000;32.051
4.200;33.534
4.400;35.012
4.600;36.486
4.800;37.957
5.000;39.423
5.200;40.886
5.400;42.345
5.600;43.800
5.800;45.251
6.000;46.698
6.200;48.142
6.400;49.581
6.600;51.017
6.800;52.449
7.000;53.877
7.200;55.302
7.400;56.723
7.600;58.140
7.800;59.553
8.000;60.962
8.200;62.368
8.400;63.770
8.600;65.168
8.800;66.563
9.000;67.954
9.200;69.341
9.400;70.724
9.600;72.104
9.800;73.480
10.000;74.853
10.200;76.222
10.400;77.587
10.600;78.949
10.800;80.307
11.000;81.662
11.200;83.012
11.400;84.360
11.600;85.704
11.800;87.044
12.000;88.380
12.200;89.714
12.400;91.043
12.600;92.369
12.800;93.692
13.000;95.011
13.200;96.327
13.400;97.639
13.600;98.947
13.800;100.253
14.000;101.554
14.200;102.853
14.400;104.147
14.600;105.439
14.800;106.727
15.000;108.011
15.200;109.293
15.400;110.570
15.600;111.845
15.800;113.116
16.000;114.384
16.200;115.648
16.400;116.909
16.600;118.166
16.800;119.421
17.000;120.672
17.200;121.919
17.400;123.164
17.600;124.405
17.800;125.643
18.000;126.877
18.200;128.109
18.400;129.337
18.600;130.561
18.800;131.783
19.000;133.001
19.200;134.216
19.400;135.428
19.600;136.637
19.800;137.842
20.000;139.044
20.200;140.243
20.400;141.439
20.600;142.632
20.800;143.822
21.000;145.008
21.200;146.191
21.400;147.371
21.600;148.548
21.800;149.722
22.000;150.893
22.200;152.061
22.400;153.225
22.600;154.387
22.800;155.545
23.000;156.701
23.200;157.853
23.400;159.002
23.600;160.149
23.800;161.292
24.000;162.432
24.200;163.569
24.400;164.703
24.600;165.834
24.800;166.963
25.000;168.088
25.200;169.210
25.400;170.329
25.600;171.446
25.800;172.559
26.000;173.669
26.200;174.777
26.400;175.881
26.600;176.983
26.800;178.081
27.000;179.177
27.200;180.270
27.400;181.360
27.600;182.447
27.800;183.531
28.000;184.613
28.200;185.691
28.400;186.767
28.600;187.839
28.800;188.909
29.000;189.976
29.200;191.041
29.400;192.102
29.600;193.161
29.800;194.217
30.000;195.270
30.200;196.320
30.400;197.367
30.600;198.412
30.800;199.454
31.000;200.493
31.200;201.530
31.400;202.563
31.600;203.594
31.800;204.623
32.000;205.648
32.200;206.671
32.400;207.691
32.600;208.708
32.800;209.723
33.000;210.735
33.200;211.744
33.400;212.751
33.600;213.755
33.800;214.756
34.000;215.755
34.200;216.751
34.400;217.745
34.600;218.735
34.800;219.723
35.000;220.709
35.200;221.692
35.400;222.672
35.600;223.650
35.800;224.625
36.000;225.598
36.200;226.568
36.400;227.535
36.600;228.500
36.800;229.462
37.000;230.422
37.200;231.379
37.400;232.334
37.600;233.286
37.800;234.236
38.000;235.183
38.200;236.128
38.400;237.070
38.600;238.009
38.800;238.947
39.000;239.881
39.200;240.814
39.400;241.743
39.600;242.671
39.800;243.595
40.000;244.518
40.200;245.438
40.400;246.355
40.600;247.270
40.800;248.183
41.000;249.093
41.200;250.001
41.400;250.906
41.600;251.809
41.800;252.710
42.000;253.608
42.200;254.504
42.400;255.398
42.600;256.289
42.800;257.177
43.000;258.064
43.200;258.948
43.400;259.830
43.600;260.709
43.800;261.586
44.000;262.461
44.200;263.333
44.400;264.203
44.600;265.071
44.800;265.937
45.000;266.800
45.200;267.661
45.400;268.520
45.600;269.376
45.800;270.230
46.000;271.082
46.200;271.932
46.400;272.779
46.600;273.624
46.800;274.467
47.000;275.308
47.200;276.146
47.400;276.982
47.600;277.816
47.800;278.648
48.000;279.478
48.200;280.305
48.400;281.131
48.600;281.954
48.800;282.774
49.000;283.593
49.200;284.410
49.400;285.224
49.600;286.036
49.800;286.846
50.000;287.654
50.200;288.460
50.400;289.264
50.600;290.065
50.800;290.864
51.000;291.662
51.200;292.457
51.400;293.250
51.600;294.041
51.800;294.830
52.000;295.617
52.200;296.401
52.400;297.184
52.600;297.964
52.800;298.743
53.000;299.519
53.200;300.294
53.400;301.066
53.600;301.836
53.800;302.604
54.000;303.371
54.200;304.135
54.400;304.897
54.600;305.657
54.800;306.415
55.000;307.171
55.200;307.925
55.400;308.678
55.600;309.428
55.800;310.176
56.000;310.922
56.200;311.666
56.400;312.408
56.600;313.149
56.800;313.887
57.000;314.623
57.200;315.358
57.400;316.090
57.600;316.821
57.800;317.549
58.000;318.276
58.200;319.001
58.400;319.723
58.600;320.444
58.800;321.163
59.000;321.880
59.200;322.596
59.400;323.309
59.600;324.020
59.800;324.730
60.000;325.437
60.200;326.143
60.400;326.847
60.600;327.549
60.800;328.249
61.000;328.948
61.200;329.644
61.400;330.339
61.600;331.032
61.800;331.723
62.000;332.412
62.200;333.099
62.400;333.785
62.600;334.468
62.800;335.150
63.000;335.830
63.200;336.509
63.400;337.185
63.600;337.860
63.800;338.533
64.000;339.204
64.200;339.873
64.400;340.541
64.600;341.206
64.800;341.870
65.000;342.533
65.200;343.193
65.400;343.852
65.600;344.509
65.800;345.164
66.000;345.818
66.200;346.470
66.400;347.120
66.600;347.768
66.800;348.415
67.000;349.060
67.200;349.703
67.400;350.345
67.600;350.985
67.800;351.623
68.000;352.259
68.200;352.894
68.400;353.527
68.600;354.159
68.800;354.788
69.000;355.416
69.200;356.043
69.400;356.668
69.600;357.291
69.800;357.912
70.000;358.532
70.200;359.150
70.400;359.767
70.600;360.382
70.800;360.995
71.000;361.607
71.200;362.217
71.400;362.825
71.600;363.432
71.800;364.037
72.000;364.641
72.200;365.243
72.400;365.843
72.600;366.442
72.800;367.039
73.000;367.635
73.200;368.229
73.400;368.822
73.600;369.413
73.800;370.002
74.000;370.590
74.200;371.176
74.400;371.761
74.600;372.344
74.800;372.926
75.000;373.506
75.200;374.084
75.400;374.661
75.600;375.237
75.800;375.811
76.000;376.383
76.200;376.954
76.400;377.524
76.600;378.092
76.800;378.658
77.000;379.223
77.200;379.786
77.400;380.348
77.600;380.909
77.800;381.468
78.000;382.025
78.200;382.581
78.400;383.136
78.600;383.689
78.800;384.241
79.000;384.791
79.200;385.339
79.400;385.887
79.600;386.432
79.800;386.977
80.000;387.520
80.200;388.061
80.400;388.601
80.600;389.140
80.800;389.677
81.000;390.213
81.200;390.747
81.400;391.280
81.600;391.812
81.800;392.342
82.000;392.870
82.200;393.398
82.400;393.924
82.600;394.448
82.800;394.971
83.000;395.493
83.200;396.013
83.400;396.532
83.600;397.050
83.800;397.566
84.000;398.081
84.200;398.595
84.400;399.107
84.600;399.618
84.800;400.127
85.000;400.635
85.200;401.142
85.400;401.647
85.600;402.152
85.800;402.654
86.000;403.156
86.200;403.656
86.400;404.155
86.600;404.652
86.800;405.148
87.000;405.643
87.200;406.137
87.400;406.629
87.600;407.120
87.800;407.609
88.000;408.098
88.200;408.585
88.400;409.070
88.600;409.555
88.800;410.038
89.000;410.520
89.200;411.000
89.400;411.480
89.600;411.958
89.800;412.435
90.000;412.910
90.200;413.384
90.400;413.857
90.600;414.329
90.800;414.800
91.000;415.269
91.200;415.737
91.400;416.204
91.600;416.669
91.800;417.134
92.000;417.597
92.200;418.059
92.400;418.519
92.600;418.979
92.800;419.437
93.000;419.894
93.200;420.350
93.400;420.804
93.600;421.258
93.800;421.710
94.000;422.161
94.200;422.611
94.400;423.059
94.600;423.507
94.800;423.953
95.000;424.398
95.200;424.842
95.400;425.285
95.600;425.726
95.800;426.167
96.000;426.606
96.200;427.044
96.400;427.481
96.600;427.916
96.800;428.351
97.000;428.784
97.200;429.217
97.400;429.648
97.600;430.078
97.800;430.507
98.000;430.934
98.200;431.361
98.400;431.786
98.600;432.211
98.800;432.634
99.000;433.056
99.200;433.477
99.400;433.897
99.600;434.315
99.800;434.733
100.000;435.150
100.200;435.565
100.400;435.979
100.600;436.393
100.800;436.805
101.000;437.216
101.200;437.626
101.400;438.035
101.600;438.442
101.800;438.849
102.000;439.255
102.200;439.659
102.400;440.063
102.600;440.465
102.800;440.867
103.000;441.267
103.200;441.666
103.400;442.064
103.600;442.461
103.800;442.857
104.000;443.252
104.200;443.646
104.400;444.039
104.600;444.431
104.800;444.822
105.000;445.212
105.200;445.601
105.400;445.989
105.600;446.375
105.800;446.761
106.000;447.146
106.200;447.529
106.400;447.912
106.600;448.294
106.800;448.674
107.000;449.054
107.200;449.433
107.400;449.810
107.600;450.187
107.799;450.563
107.999;450.937
108.199;451.311
108.399;451.683
108.599;452.055
108.799;452.426
108.999;452.795
109.199;453.164
109.399;453.532
109.599;453.899
109.799;454.264
109.999;454.629
110.199;454.993
110.399;455.356
110.599;455.718
110.799;456.079
110.999;456.439
111.199;456.798
111.399;457.156
111.599;457.513
111.799;457.870
111.999;458.225
112.199;458.579
112.399;458.933
112.599;459.285
112.799;459.637
112.999;459.987
113.199;460.337
113.399;460.686
113.599;461.034
113.799;461.381
113.999;461.727
114.199;462.072
114.399;462.416
114.599;462.759
114.799;463.102
114.999;463.443
115.199;463.784
115.399;464.123
115.599;464.462
115.799;464.800
115.999;465.137
116.199;465.473
116.399;465.808
116.599;466.142
116.799;466.476
116.999;466.808
117.199;467.140
117.399;467.471
117.599;467.800
117.799;468.129
117.999;468.458
118.199;468.785
118.399;469.111
118.599;469.437
118.799;469.761
118.999;470.085
119.199;470.408
119.399;470.730
119.599;471.052
119.799;471.372
119.999;471.692
120.199;472.010
120.399;472.328
120.599;472.645
120.799;472.961
120.999;473.277
121.199;473.591
121.399;473.905
121.599;474.218
121.799;474.530
121.999;474.841
122.199;475.151
122.399;475.461
122.599;475.770
122.799;476.078
122.999;476.385
123.199;476.691
123.399;476.997
123.599;477.301
123.799;477.605
123.999;477.908
124.199;478.211
124.399;478.512
124.599;478.813
124.799;479.112
124.999;479.412
125.199;479.710
125.399;480.007
125.599;480.304
125.799;480.600
125.999;480.895
126.199;481.189
126.399;481.483
126.599;481.776
126.799;482.068
126.999;482.359
127.199;482.650
127.399;482.939
127.599;483.228
127.799;483.516
127.999;483.804
128.199;484.091
128.399;484.376
128.599;484.662
128.799;484.946
128.999;485.230
129.199;485.512
129.399;485.795
129.599;486.076
129.799;486.357
129.999;486.637
130.199;486.916
130.399;487.194
130.599;487.472
130.799;487.749
130.999;488.025
131.199;488.300
131.399;488.575
131.599;488.849
131.799;489.123
131.999;489.395
132.199;489.667
132.399;489.938
132.599;490.209
132.799;490.478
132.999;490.747
133.199;491.016
133.399;491.283
133.599;491.550
133.799;491.816
133.999;492.082
134.199;492.346
134.399;492.610
134.599;492.874
134.799;493.136
134.999;493.398
135.199;493.660
135.399;493.920
135.599;494.180
135.799;494.439
135.999;494.698
136.199;494.956
136.399;495.213
136.599;495.469
136.799;495.725
136.999;495.980
137.199;496.235
137.399;496.488
137.599;496.741
137.799;496.994
137.999;497.246
138.199;497.497
138.399;497.747
138.599;497.997
138.799;498.246
138.999;498.494
139.199;498.742
139.399;498.989
139.599;499.236
139.799;499.482
139.999;499.727
140.199;499.971
140.399;500.215
140.599;500.458
140.799;500.701
140.999;500.943
141.199;501.184
141.399;501.425
141.599;501.665
141.799;501.904
141.999;502.143
142.199;502.381
142.399;502.619
142.599;502.855
142.799;503.092
142.999;503.327
143.199;503.562
143.399;503.797
143.599;504.030
143.799;504.264
143.999;504.496
144.199;504.728
144.399;504.959
144.599;505.190
144.799;505.420
144.999;505.650
145.199;505.878
145.399;506.107
145.599;506.334
145.799;506.561
145.999;506.788
146.199;507.014
146.399;507.239
146.599;507.463
146.799;507.687
146.999;507.911
147.199;508.134
147.399;508.356
147.599;508.578
147.799;508.799
147.999;509.019
148.199;509.239
148.399;509.459
148.599;509.677
148.799;509.896
148.999;510.113
149.199;510.330
149.399;510.547
149.599;510.763
149.799;510.978
149.999;511.193
150.199;511.407
150.399;511.620
150.599;511.833
150.799;512.046
150.999;512.258
151.199;512.469
151.399;512.680
151.599;512.890
151.799;513.100
151.999;513.309
152.199;513.518
152.399;513.726
152.599;513.933
152.799;514.140
152.999;514.346
153.199;514.552
153.399;514.757
153.599;514.962
153.799;515.166
153.999;515.370
154.199;515.573
154.399;515.776
154.599;515.978
154.799;516.179
154.999;516.380
155.199;516.581
155.399;516.781
155.599;516.980
155.799;517.179
155.999;517.377
156.199;517.575
156.399;517.772
156.599;517.969
156.799;518.165
156.999;518.361
157.199;518.556
157.399;518.751
157.599;518.945
157.799;519.139
157.999;519.332
158.199;519.525
158.399;519.717
158.599;519.908
158.799;520.099
158.999;520.290
159.199;520.480
159.399;520.670
159.599;520.859
159.799;521.047
159.999;521.235
160.199;521.423
160.399;521.610
160.599;521.797
160.799;521.983
160.999;522.168
161.199;522.354
161.399;522.538
161.599;522.722
161.799;522.906
161.999;523.089
162.199;523.272
162.399;523.454
162.599;523.636
162.799;523.817
162.999;523.998
163.199;524.178
163.399;524.358
163.599;524.537
163.799;524.716
163.999;524.894
164.199;525.072
164.399;525.250
164.599;525.427
164.799;525.603
164.999;525.779
165.199;525.955
165.399;526.130
165.599;526.305
165.799;526.479
165.999;526.653
166.199;526.826
166.399;526.999
166.599;527.171
166.799;527.343
166.999;527.514
167.199;527.685
167.399;527.856
167.599;528.026
167.799;528.196
167.999;528.365
168.199;528.533
168.399;528.702
168.599;528.870
168.799;529.037
168.999;529.204
169.199;529.370
169.399;529.536
169.599;529.702
169.799;529.867
169.999;530.032
170.199;530.196
170.399;530.360
170.599;530.524
170.799;530.687
170.999;530.849
171.199;531.011
171.399;531.173
171.599;531.335
171.799;531.495
171.999;531.656
172.199;531.816
172.399;531.976
172.599;532.135
172.799;532.293
172.999;532.452
173.199;532.610
173.398;532.767
173.598;532.924
173.798;533.081
173.998;533.237
174.198;533.393
174.398;533.548
174.598;533.703
174.798;533.858
174.998;534.012
175.198;534.166
175.398;534.319
175.598;534.472
175.798;534.625
175.998;534.777
176.198;534.929
176.398;535.080
176.598;535.231
176.798;535.382
176.998;535.532
177.198;535.682
177.398;535.831
177.598;535.980
177.798;536.129
177.998;536.277
178.198;536.424
178.398;536.572
178.598;536.719
178.798;536.866
178.998;537.012
179.198;537.158
179.398;537.303
179.598;537.448
179.798;537.593
179.998;537.737
180.198;537.881
180.398;538.025
180.598;538.168
180.798;538.311
180.998;538.453
181.198;538.595
181.398;538.737
181.598;538.878
181.798;539.019
181.998;539.159
182.198;539.300
182.398;539.439
182.598;539.579
182.798;539.718
182.998;539.857
183.198;539.995
183.398;540.133
183.598;540.270
183.798;540.408
183.998;540.544
184.198;540.681
184.398;540.817
184.598;540.953
184.798;541.088
184.998;541.223
185.198;541.358
185.398;541.492
185.598;541.626
185.798;541.760
185.998;541.893
186.198;542.026
186.398;542.159
186.598;542.291
186.798;542.423
186.998;542.554
187.198;542.685
187.398;542.816
187.598;542.947
187.798;543.077
187.998;543.207
188.198;543.336
188.398;543.465
188.598;543.594
188.798;543.723
188.998;543.851
189.198;543.978
189.398;544.106
189.598;544.233
189.798;544.360
189.998;544.486
190.198;544.612
190.398;544.738
190.598;544.863
190.798;544.988
190.998;545.113
191.198;545.237
191.398;545.361
191.598;545.485
191.798;545.609
191.998;545.732
192.198;545.854
192.398;545.977
192.598;546.099
192.798;546.221
192.998;546.342
193.198;546.463
193.398;546.584
193.598;546.705
193.798;546.825
193.998;546.945
194.198;547.064
194.398;547.184
194.598;547.303
194.798;547.421
194.998;547.539
195.198;547.657
195.398;547.775
195.598;547.892
195.798;548.010
195.998;548.126
196.198;548.243
196.398;548.359
196.598;548.475
196.798;548.590
196.998;548.705
197.198;548.820
197.398;548.935
197.598;549.049
197.798;549.163
197.998;549.277
198.198;549.390
198.398;549.503
198.598;549.616
198.798;549.729
198.998;549.841
199.198;549.953
199.398;550.064
199.598;550.176
199.798;550.287
199.998;550.397
200.198;550.508
200.398;550.618
200.598;550.728
200.798;550.837
200.998;550.947
201.198;551.056
201.398;551.164
201.598;551.273
201.798;551.381
201.998;551.489
202.198;551.596
202.398;551.703
202.598;551.810
202.798;551.917
202.998;552.023
203.198;552.130
203.398;552.235
203.598;552.341
203.798;552.446
203.998;552.551
204.198;552.656
204.398;552.760
204.598;552.865
204.798;552.968
204.998;553.072
205.198;553.175
205.398;553.278
205.598;553.381
205.798;553.484
205.998;553.586
206.198;553.688
206.398;553.790
206.598;553.891
206.798;553.992
206.998;554.093
207.198;554.194
207.398;554.294
207.598;554.394
207.798;554.494
207.998;554.594
208.198;554.693
208.398;554.792
208.598;554.891
208.798;554.989
208.998;555.088
209.198;555.186
209.398;555.284
209.598;555.381
209.798;555.478
209.998;555.575
210.198;555.672
210.398;555.768
210.598;555.865
210.798;555.961
210.998;556.056
211.198;556.152
211.398;556.247
211.598;556.342
211.798;556.436
211.998;556.531
212.198;556.625
212.398;556.719
212.598;556.813
212.798;556.906
212.998;556.999
213.198;557.092
213.398;557.185
213.598;557.277
213.798;557.370
213.998;557.462
214.198;557.553
214.398;557.645
214.598;557.736
214.798;557.827
214.998;557.918
215.198;558.008
215.398;558.099
215.598;558.189
215.798;558.279
215.998;558.368
216.198;558.457
216.398;558.547
216.598;558.635
216.798;558.724
216.998;558.812
217.198;558.901
217.398;558.988
217.598;559.076
217.798;559.164
217.998;559.251
218.198;559.338
218.398;559.424
218.598;559.511
218.798;559.597
218.998;559.683
219.198;559.769
219.398;559.855
219.598;559.940
219.798;560.025
219.998;560.110
220.198;560.195
220.398;560.280
220.598;560.364
220.798;560.448
220.998;560.532
221.198;560.615
221.398;560.699
221.598;560.782
221.798;560.865
221.998;560.947
222.198;561.030
222.398;561.112
222.598;561.194
222.798;561.276
222.998;561.358
223.198;561.439
223.398;561.520
223.598;561.601
223.798;561.682
223.998;561.763
224.198;561.843
224.398;561.923
224.598;562.003
224.798;562.083
224.998;562.162
225.198;562.242
225.398;562.321
225.598;562.399
225.798;562.478
225.998;562.557
226.198;562.635
226.398;562.713
226.598;562.791
226.798;562.868
226.998;562.946
227.198;563.023
227.398;563.100
227.598;563.177
227.798;563.253
227.998;563.330
228.198;563.406
228.398;563.482
228.598;563.558
228.798;563.633
228.998;563.709
229.198;563.784
229.398;563.859
229.598;563.934
229.798;564.008
229.998;564.083
230.198;564.157
230.398;564.231
230.598;564.305
230.798;564.378
230.998;564.452
231.198;564.525
231.398;564.598
231.598;564.671
231.798;564.743
231.998;564.816
232.198;564.888
232.398;564.960
232.598;565.032
232.798;565.104
232.998;565.175
233.198;565.247
233.398;565.318
233.598;565.389
233.798;565.459
233.998;565.530
234.198;565.600
234.398;565.671
234.598;565.741
234.798;565.810
234.998;565.880
235.198;565.949
235.398;566.019
235.598;566.088
235.798;566.157
235.998;566.225
236.198;566.294
236.398;566.362
236.598;566.431
236.798;566.499
236.998;566.566
237.198;566.634
237.398;566.701
237.598;566.769
237.798;566.836
237.998;566.903
238.198;566.969
238.398;567.036
238.598;567.102
238.798;567.169
238.997;567.235
239.197;567.300
239.397;567.366
239.597;567.432
239.797;567.497
239.997;567.562
240.197;567.627
240.397;567.692
240.597;567.757
240.797;567.821
240.997;567.885
241.197;567.950
241.397;568.014
241.597;568.077
241.797;568.141
241.997;568.204
242.197;568.268
242.397;568.331
242.597;568.394
242.797;568.457
242.997;568.519
243.197;568.582
243.397;568.644
243.597;568.706
243.797;568.768
243.997;568.830
244.197;568.892
244.397;568.953
244.597;569.014
244.797;569.076
244.997;569.137
245.197;569.197
245.397;569.258
245.597;569.319
245.797;569.379
245.997;569.439
246.197;569.499
246.397;569.559
246.597;569.619
246.797;569.678
246.997;569.738
247.197;569.797
247.397;569.856
247.597;569.915
247.797;569.974
247.997;570.032
248.197;570.091
248.397;570.149
248.597;570.207
248.797;570.265
248.997;570.323
249.197;570.381
249.397;570.438
249.597;570.496
249.797;570.553
249.997;570.610
250.197;570.667
250.397;570.724
250.597;570.780
250.797;570.837
250.997;570.893
251.197;570.949
251.397;571.005
251.597;571.061
251.797;571.117
251.997;571.172
252.197;571.228
252.397;571.283
252.597;571.338
252.797;571.393
252.997;571.448
253.197;571.503
253.397;571.557
253.597;571.612
253.797;571.666
253.997;571.720
254.197;571.774
254.397;571.828
254.597;571.882
254.797;571.935
254.997;571.989
255.197;572.042
255.397;572.095
255.597;572.148
255.797;572.201
255.997;572.254
256.197;572.306
256.397;572.359
256.597;572.411
256.797;572.463
256.997;572.515
257.197;572.567
257.397;572.619
257.597;572.671
257.797;572.722
257.997;572.773
258.197;572.825
258.397;572.876
258.597;572.927
258.797;572.977
258.997;573.028
259.197;573.079
259.397;573.129
259.597;573.179
259.797;573.229
259.997;573.279
260.197;573.329
260.397;573.379
260.598;573.429
260.798;573.478
260.998;573.527
261.198;573.577
261.398;573.626
261.598;573.675
261.798;573.723
261.998;573.772
262.198;573.821
262.398;573.869
262.598;573.917
262.798;573.966
262.998;574.014
263.198;574.061
263.398;574.109
263.598;574.157
263.798;574.204
263.998;574.252
264.198;574.299
264.398;574.346
264.598;574.393
264.798;574.440
264.998;574.487
265.198;574.534
265.398;574.580
265.598;574.627
265.798;574.673
265.998;574.719
266.198;574.766
266.398;574.811
266.598;574.857
266.798;574.903
266.998;574.949
267.198;574.994
267.398;575.039
267.598;575.085
267.798;575.130
267.998;575.175
268.198;575.220
268.398;575.264
268.598;575.309
268.798;575.353
268.998;575.398
269.198;575.442
269.398;575.486
269.598;575.530
269.798;575.574
269.998;575.618
270.198;575.662
270.398;575.705
270.598;575.749
270.798;575.792
270.998;575.835
271.198;575.878
271.398;575.921
271.598;575.964
271.798;576.007
271.998;576.049
272.198;576.092
272.398;576.134
272.598;576.177
272.798;576.219
272.998;576.261
273.198;576.303
273.398;576.345
273.598;576.387
273.798;576.428
273.998;576.470
274.198;576.511
274.398;576.553
274.598;576.594
274.798;576.635
274.998;576.676
275.198;576.717
275.398;576.757
275.598;576.798
275.798;576.839
275.998;576.879
276.198;576.919
276.398;576.960
276.598;577.000
276.798;577.040
276.999;577.080
277.199;577.120
277.399;577.159
277.599;577.199
277.799;577.238
277.999;577.278
278.199;577.317
278.399;577.356
278.599;577.395
278.799;577.434
278.999;577.473
279.199;577.512
279.399;577.550
279.599;577.589
279.799;577.628
279.999;577.666
280.199;577.704
280.399;577.742
280.599;577.780
280.799;577.818
280.999;577.856
281.199;577.894
281.399;577.932
281.599;577.969
281.799;578.007
281.999;578.044
282.199;578.081
282.399;578.118
282.599;578.155
282.799;578.192
282.999;578.229
283.199;578.266
283.399;578.303
283.599;578.339
283.799;578.376
283.999;578.412
284.199;578.448
284.399;578.484
284.599;578.521
284.799;578.557
284.999;578.592
285.199;578.628
285.399;578.664
285.599;578.700
285.799;578.735
285.999;578.771
286.199;578.806
286.399;578.841
286.599;578.876
286.799;578.911
286.999;578.946
287.199;578.981
287.399;579.016
287.599;579.051
287.799;579.085
287.999;579.120
288.199;579.154
288.399;579.188
288.599;579.223
288.799;579.257
288.999;579.291
289.199;579.325
289.399;579.359
289.599;579.392
289.799;579.426
289.999;579.460
290.199;579.493
290.399;579.527
290.599;579.560
290.799;579.593
290.999;579.626
291.199;579.659
291.399;579.692
291.599;579.725
291.799;579.758
291.999;579.791
292.199;579.823
292.399;579.856
292.599;579.888
292.799;579.921
292.999;579.953
293.199;579.985
293.400;580.017
293.600;580.049
293.800;580.081
294.000;580.113
294.200;580.145
294.400;580.177
294.600;580.208
294.800;580.240
295.000;580.271
295.200;580.303
295.400;580.334
295.600;580.365
295.800;580.396
296.000;580.427
296.200;580.458
296.400;580.489
296.600;580.520
296.800;580.550
297.000;580.581
297.200;580.612
297.400;580.642
297.600;580.672
297.800;580.703
298.000;580.733
298.200;580.763
298.400;580.793
298.600;580.823
298.800;580.853
299.000;580.883
299.200;580.913
299.400;580.942
299.600;580.972
299.800;581.001
300.000;581.031
300.200;581.060
300.400;581.089
300.600;581.119
300.800;581.148
301.000;581.177
301.200;581.206
301.400;581.235
301.600;581.263
301.800;581.292
302.000;581.321
302.200;581.349
302.400;581.378
302.600;581.406
302.800;581.435
303.000;581.463
303.200;581.491
303.400;581.519
303.600;581.547
303.800;581.575
304.000;581.603
304.200;581.631
304.400;581.659
304.600;581.687
304.800;581.714
305.000;581.742
305.200;581.769
305.400;581.797
305.600;581.824
305.800;581.851
306.000;581.878
306.200;581.905
306.400;581.932
306.600;581.959
306.800;581.986
307.000;582.013
307.200;582.040
307.400;582.067
307.600;582.093
307.800;582.120
308.000;582.146
308.200;582.173
308.400;582.199
308.600;582.225
308.800;582.251
309.000;582.277
309.200;582.304
309.400;582.330
309.600;582.355
309.801;582.381
310.001;582.407
310.201;582.433
310.401;582.458
310.601;582.484
310.801;582.509
311.001;582.535
311.201;582.560
311.401;582.586
311.601;582.611
311.801;582.636
312.001;582.661
312.201;582.686
312.401;582.711
312.601;582.736
312.801;582.761
313.001;582.786
313.201;582.810
313.401;582.835
313.601;582.860
313.801;582.884
314.001;582.909
314.201;582.933
314.401;582.957
314.601;582.981
314.801;583.006
315.001;583.030
315.201;583.054
315.401;583.078
315.601;583.102
315.801;583.126
316.001;583.149
316.201;583.173
316.401;583.197
316.601;583.220
316.801;583.244
317.001;583.267
317.201;583.291
317.401;583.314
317.601;583.338
317.801;583.361
318.001;583.384
318.201;583.407
318.401;583.430
318.601;583.453
318.801;583.476
319.001;583.499
319.201;583.522
319.401;583.545
319.601;583.567
319.801;583.590
320.001;583.613
320.201;583.635
320.401;583.658
320.601;583.680
320.801;583.702
321.001;583.725
321.201;583.747
321.401;583.769
321.601;583.791
321.801;583.813
322.001;583.835
322.201;583.857
322.401;583.879
322.601;583.901
322.801;583.922
323.001;583.944
323.201;583.966
323.401;583.987
323.601;584.009
323.801;584.030
324.001;584.052
324.201;584.073
324.401;584.094
324.601;584.116
324.801;584.137
325.001;584.158
325.201;584.179
325.401;584.200
325.601;584.221
325.801;584.242
326.001;584.263
326.202;584.284
326.402;584.304
326.602;584.325
326.802;584.346
327.002;584.366
327.202;584.387
327.402;584.407
327.602;584.428
327.802;584.448
328.002;584.468
328.202;584.489
328.402;584.509
328.602;584.529
328.802;584.549
329.002;584.569
329.202;584.589
329.402;584.609
329.602;584.629
329.802;584.649
330.002;584.668
330.202;584.688
330.402;584.708
330.602;584.727
330.802;584.747
331.002;584.766
331.202;584.786
331.402;584.805
331.602;584.825
331.802;584.844
332.002;584.863
332.202;584.883
332.402;584.902
332.602;584.921
332.802;584.940
333.002;584.959
333.202;584.978
333.402;584.997
333.602;585.016
333.802;585.034
334.002;585.053
334.202;585.072
334.402;585.090
334.602;585.109
334.802;585.128
335.002;585.146
335.202;585.165
335.402;585.183
335.602;585.201
335.802;585.220
336.002;585.238
336.202;585.256
336.402;585.274
336.602;585.292
336.802;585.310
337.002;585.328
337.202;585.346
337.402;585.364
337.602;585.382
337.802;585.400
338.002;585.418
338.202;585.436
338.402;585.453
338.602;585.471
338.802;585.489
339.002;585.506
339.202;585.524
339.402;585.541
339.602;585.559
339.802;585.576
340.002;585.593
340.202;585.611
340.402;585.628
340.602;585.645
340.802;585.662
341.002;585.679
341.202;585.696
341.402;585.713
341.602;585.730
341.802;585.747
342.002;585.764
342.202;585.781
342.402;585.798
342.603;585.814
342.803;585.831
343.003;585.848
343.203;585.864
343.403;585.881
343.603;585.897
343.803;585.914
344.003;585.930
344.203;585.947
344.403;585.963
344.603;585.979
344.803;585.995
345.003;586.012
345.203;586.028
345.403;586.044
345.603;586.060
345.803;586.076
346.003;586.092
346.203;586.108
346.403;586.124
346.603;586.140
346.803;586.156
347.003;586.171
347.203;586.187
347.403;586.203
347.603;586.219
347.803;586.234
348.003;586.250
348.203;586.265
348.403;586.281
348.603;586.296
348.803;586.312
349.003;586.327
349.203;586.342
349.403;586.358
349.603;586.373
349.803;586.388
350.003;586.403
350.203;586.419
350.403;586.434
350.603;586.449
350.803;586.464
351.003;586.479
351.203;586.494
351.403;586.508
351.603;586.523
351.803;586.538
352.003;586.553
352.203;586.568
352.403;586.582
352.603;586.597
352.803;586.612
353.003;586.626
353.203;586.641
353.403;586.655
353.603;586.670
353.803;586.684
354.003;586.699
354.203;586.713
354.403;586.727
354.603;586.741
354.803;586.756
355.003;586.770
355.203;586.784
355.403;586.798
355.603;586.812
355.803;586.826
356.003;586.840
356.203;586.854
356.403;586.868
356.603;586.882
356.803;586.896
357.003;586.910
357.203;586.924
357.403;586.937
357.603;586.951
357.803;586.965
358.003;586.978
358.203;586.992
358.403;587.006
358.603;587.019
358.803;587.033
359.004;587.046
359.204;587.060
359.404;587.073
359.604;587.086
359.804;587.100
360.004;587.113
360.204;587.126
360.404;587.139
360.604;587.153
360.804;587.166
361.004;587.179
361.204;587.192
361.404;587.205
361.604;587.218
361.804;587.231
362.004;587.244
362.204;587.257
362.404;587.270
362.604;587.282
362.804;587.295
363.004;587.308
363.204;587.321
363.404;587.333
363.604;587.346
363.804;587.359
364.004;587.371
364.204;587.384
364.404;587.396
364.604;587.409
364.804;587.421
365.004;587.434
365.204;587.446
365.404;587.459
365.604;587.471
365.804;587.483
366.004;587.496
366.204;587.508
366.404;587.520
366.604;587.532
366.804;587.544
367.004;587.556
367.204;587.569
367.404;587.581
367.604;587.593
367.804;587.605
368.004;587.617
368.204;587.628
368.404;587.640
368.604;587.652
368.804;587.664
369.004;587.676
369.204;587.688
369.404;587.699
369.604;587.711
369.804;587.723
370.004;587.734
370.204;587.746
370.404;587.758
370.604;587.769
370.804;587.781
371.004;587.792
371.204;587.804
371.404;587.815
371.604;587.826
371.804;587.838
372.004;587.849
372.204;587.860
372.404;587.872
372.604;587.883
372.804;587.894
373.004;587.905
373.204;587.916
373.404;587.928
373.604;587.939
373.804;587.950
374.004;587.961
374.204;587.972
374.404;587.983
374.604;587.994
374.804;588.005
375.004;588.015
375.204;588.026
375.405;588.037
375.605;588.048
375.805;588.059
376.005;588.070
376.205;588.080
376.405;588.091
376.605;588.102
376.805;588.112
377.005;588.123
377.205;588.133
377.405;588.144
377.605;588.154
377.805;588.165
378.005;588.175
378.205;588.186
378.405;588.196
378.605;588.207
378.805;588.217
379.005;588.227
379.205;588.238
379.405;588.248
379.605;588.258
379.805;588.268
380.005;588.279
380.205;588.289
380.405;588.299
380.605;588.309
380.805;588.319
381.005;588.329
381.205;588.339
381.405;588.349
381.605;588.359
381.805;588.369
382.005;588.379
382.205;588.389
382.405;588.399
382.605;588.409
382.805;588.419
383.005;588.428
383.205;588.438
383.405;588.448
383.605;588.458
383.805;588.467
384.005;588.477
384.205;588.487
384.405;588.496
384.605;588.506
384.805;588.515
385.005;588.525
385.205;588.534
385.405;588.544
385.605;588.553
385.805;588.563
386.005;588.572
386.205;588.582
386.405;588.591
386.605;588.600
386.805;588.610
387.005;588.619
387.205;588.628
387.405;588.638
387.605;588.647
387.805;588.656
388.005;588.665
388.205;588.674
388.405;588.683
388.605;588.692
388.805;588.702
389.005;588.711
389.205;588.720
389.405;588.729
389.605;588.738
389.805;588.747
390.005;588.755
390.205;588.764
390.405;588.773
390.605;588.782
390.805;588.791
391.005;588.800
391.205;588.809
391.405;588.817
391.605;588.826
391.806;588.835
392.006;588.843
392.206;588.852
392.406;588.861
392.606;588.869
392.806;588.878
393.006;588.887
393.206;588.895
393.406;588.904
393.606;588.912
393.806;588.921
394.006;588.929
394.206;588.938
394.406;588.946
394.606;588.954
394.806;588.963
395.006;588.971
395.206;588.979
395.406;588.988
395.606;588.996
395.806;589.004
396.006;589.013
396.206;589.021
396.406;589.029
396.606;589.037
396.806;589.045
397.006;589.053
397.206;589.062
397.406;589.070
397.606;589.078
397.806;589.086
398.006;589.094
398.206;589.102
398.406;589.110
398.606;589.118
398.806;589.126
399.006;589.134
399.206;589.142
399.406;589.150
399.606;589.157
399.806;589.165
400.006;589.173
400.206;589.181
400.406;589.189
400.606;589.196
400.806;589.204
401.006;589.212
401.206;589.219
401.406;589.227
401.606;589.235
401.806;589.242
402.006;589.250
402.206;589.258
402.406;589.265
402.606;589.273
402.806;589.280
403.006;589.288
403.206;589.295
403.406;589.303
403.606;589.310
403.806;589.318
404.006;589.325
404.206;589.333
404.406;589.340
404.606;589.347
404.806;589.355
405.006;589.362
405.206;589.369
405.406;589.377
405.606;589.384
405.806;589.391
406.006;589.398
406.206;589.405
406.406;589.413
406.606;589.420
406.806;589.427
407.006;589.434
407.206;589.441
407.406;589.448
407.606;589.455
407.806;589.462
408.007;589.469
408.207;589.476
408.407;589.483
408.607;589.490
408.807;589.497
409.007;589.504
409.207;589.511
409.407;589.518
409.607;589.525
409.807;589.532
410.007;589.539
410.207;589.546
410.407;589.552
410.607;589.559
410.807;589.566
411.007;589.573
411.207;589.579
411.407;589.586
411.607;589.593
411.807;589.600
412.007;589.606
412.207;589.613
412.407;589.620
412.607;589.626
412.807;589.633
413.007;589.639
413.207;589.646
413.407;589.652
413.607;589.659
413.807;589.666
414.007;589.672
414.207;589.678
414.407;589.685
414.607;589.691
414.807;589.698
415.007;589.704
415.207;589.711
415.407;589.717
415.607;589.723
415.807;589.730
416.007;589.736
416.207;589.742
416.407;589.749
416.607;589.755
416.807;589.761
417.007;589.767
417.207;589.774
417.407;589.780
417.607;589.786
417.807;589.792
418.007;589.798
418.207;589.805
418.407;589.811
418.607;589.817
418.807;589.823
419.007;589.829
419.207;589.835
419.407;589.841
419.607;589.847
419.807;589.853
420.007;589.859
420.207;589.865
420.407;589.871
420.607;589.877
420.807;589.883
421.007;589.889
421.207;589.895
421.407;589.901
421.607;589.907
421.807;589.913
422.007;589.918
422.207;589.924
422.407;589.930
422.607;589.936
422.807;589.942
423.007;589.947
423.207;589.953
423.407;589.959
423.607;589.965
423.807;589.970
424.007;589.976
424.207;589.982
424.408;589.987
424.608;589.993
424.808;589.999
425.008;590.004
425.208;590.010
425.408;590.015
425.608;590.021
425.808;590.026
426.008;590.032
426.208;590.038
426.408;590.043
426.608;590.049
426.808;590.054
427.008;590.060
427.208;590.065
427.408;590.070
427.608;590.076
427.808;590.081
428.008;590.087
428.208;590.092
428.408;590.097
428.608;590.103
428.808;590.108
429.008;590.113
429.208;590.119
429.408;590.124
429.608;590.129
429.808;590.135
430.008;590.140
430.208;590.145
430.408;590.150
430.608;590.156
430.808;590.161
431.008;590.166
431.208;590.171
431.408;590.176
431.608;590.181
431.808;590.187
432.008;590.192
432.208;590.197
432.408;590.202
432.608;590.207
432.808;590.212
433.008;590.217
433.208;590.222
433.408;590.227
433.608;590.232
433.808;590.237
434.008;590.242
434.208;590.247
434.408;590.252
434.608;590.257
434.808;590.262
435.008;590.267
435.208;590.272
435.408;590.277
435.608;590.282
435.808;590.286
436.008;590.291
436.208;590.296
436.408;590.301
436.608;590.306
436.808;590.311
437.008;590.315
437.208;590.320
437.408;590.325
437.608;590.330
437.808;590.334
438.008;590.339
438.208;590.344
438.408;590.349
438.608;590.353
438.808;590.358
439.008;590.363
439.208;590.367
439.408;590.372
439.608;590.376
439.808;590.381
440.008;590.386
440.208;590.390
440.408;590.395
440.608;590.399
440.809;590.404
441.009;590.409
441.209;590.413
441.409;590.418
441.609;590.422
441.809;590.427
442.009;590.431
442.209;590.435
442.409;590.440
442.609;590.444
442.809;590.449
443.009;590.453
443.209;590.458
443.409;590.462
443.609;590.466
443.809;590.471
444.009;590.475
444.209;590.480
444.409;590.484
444.609;590.488
444.809;590.493
445.009;590.497
445.209;590.501
445.409;590.505
445.609;590.510
445.809;590.514
446.009;590.518
446.209;590.522
446.409;590.527
446.609;590.531
446.809;590.535
447.009;590.539
447.209;590.544
447.409;590.548
447.609;590.552
447.809;590.556
448.009;590.560
448.209;590.564
448.409;590.568
448.609;590.572
448.809;590.577
449.009;590.581
449.209;590.585
449.409;590.589
449.609;590.593
449.809;590.597
450.009;590.601
450.209;590.605
450.409;590.609
450.609;590.613
450.809;590.617
451.009;590.621
451.209;590.625
451.409;590.629
451.609;590.633
451.809;590.637
452.009;590.641
452.209;590.645
452.409;590.648
452.609;590.652
452.809;590.656
453.009;590.660
453.209;590.664
453.409;590.668
453.609;590.672
453.809;590.676
454.009;590.679
454.209;590.683
454.409;590.687
454.609;590.691
454.809;590.695
455.009;590.698
455.209;590.702
455.409;590.706
455.609;590.710
455.809;590.713
456.009;590.717
456.209;590.721
456.409;590.725
456.609;590.728
456.809;590.732
457.009;590.736
457.210;590.739
457.410;590.743
457.610;590.747
457.810;590.750
458.010;590.754
458.210;590.757
458.410;590.761
458.610;590.765
458.810;590.768
459.010;590.772
459.210;590.775
459.410;590.779
459.610;590.782
459.810;590.786
460.010;590.790
460.210;590.793
460.410;590.797
460.610;590.800
460.810;590.804
461.010;590.807
461.210;590.811
461.410;590.814
461.610;590.818
461.810;590.821
462.010;590.824
462.210;590.828
462.410;590.831
462.610;590.835
462.810;590.838
463.010;590.841
463.210;590.845
463.410;590.848
463.610;590.852
463.810;590.855
464.010;590.858
464.210;590.862
464.410;590.865
464.610;590.868
464.810;590.872
465.010;590.875
465.210;590.878
465.410;590.881
465.610;590.885
465.810;590.888
466.010;590.891
466.210;590.895
466.410;590.898
466.610;590.901
466.810;590.904
467.010;590.907
467.210;590.911
467.410;590.914
467.610;590.917
467.810;590.920
468.010;590.923
468.210;590.927
468.410;590.930
468.610;590.933
468.810;590.936
469.010;590.939
469.210;590.942
469.410;590.945
469.610;590.949
469.810;590.952
470.010;590.955
470.210;590.958
470.410;590.961
470.610;590.964
470.810;590.967
471.010;590.970
471.210;590.973
471.410;590.976
471.610;590.979
471.810;590.982
472.010;590.985
472.210;590.988
472.410;590.991
472.610;590.994
472.810;590.997
473.010;591.000
473.210;591.003
473.410;591.006
473.611;591.009
473.811;591.012
474.011;591.015
474.211;591.018
474.411;591.021
474.611;591.024
474.811;591.027
475.011;591.029
475.211;591.032
475.411;591.035
475.611;591.038
475.811;591.041
476.011;591.044
476.211;591.047
476.411;591.050
476.611;591.052
476.811;591.055
477.011;591.058
477.211;591.061
477.411;591.064
477.611;591.066
477.811;591.069
478.011;591.072
478.211;591.075
478.411;591.078
478.611;591.080
478.811;591.083
479.011;591.086
479.211;591.089
479.411;591.091
479.611;591.094
479.811;591.097
480.011;591.099
480.211;591.102
480.411;591.105
480.611;591.107
480.811;591.110
481.011;591.113
481.211;591.116
481.411;591.118
481.611;591.121
481.811;591.123
482.011;591.126
482.211;591.129
482.411;591.131
482.611;591.134
482.811;591.137
483.011;591.139
483.211;591.142
483.411;591.144
483.611;591.147
483.811;591.150
484.011;591.152
484.211;591.155
484.411;591.157
484.611;591.160
484.811;591.162
485.011;591.165
485.211;591.167
485.411;591.170
485.611;591.172
485.811;591.175
486.011;591.177
486.211;591.180
486.411;591.182
486.611;591.185
486.811;591.187
487.011;591.190
487.211;591.192
487.411;591.195
487.611;591.197
487.811;591.200
488.011;591.202
488.211;591.205
488.411;591.207
488.611;591.209
488.811;591.212
489.011;591.214
489.211;591.217
489.411;591.219
489.611;591.221
489.811;591.224
490.012;591.226
490.212;591.229
490.412;591.231
490.612;591.233
490.812;591.236
491.012;591.238
491.212;591.240
491.412;591.243
491.612;591.245
491.812;591.247
492.012;591.250
492.212;591.252
492.412;591.254
492.612;591.256
492.812;591.259
493.012;591.261
493.212;591.263
493.412;591.266
493.612;591.268
493.812;591.270
494.012;591.272
494.212;591.275
494.412;591.277
494.612;591.279
494.812;591.281
495.012;591.283
495.212;591.286
495.412;591.288
495.612;591.290
495.812;591.292
496.012;591.294
496.212;591.297
496.412;591.299
496.612;591.301
496.812;591.303
497.012;591.305
497.212;591.307
497.412;591.310
497.612;591.312
497.812;591.314
498.012;591.316
498.212;591.318
498.412;591.320
498.612;591.322
498.812;591.325
499.012;591.327
499.212;591.329
499.412;591.331
499.612;591.333
499.812;591.335
500.012;591.337
500.212;591.339
500.412;591.341
500.612;591.343
500.812;591.345
501.012;591.347
501.212;591.350
501.412;591.352
501.612;591.354
501.812;591.356
502.012;591.358
502.212;591.360
502.412;591.362
502.612;591.364
502.812;591.366
503.012;591.368
503.212;591.370
503.412;591.372
503.612;591.374
503.812;591.376
504.012;591.378
504.212;591.380
504.412;591.381
504.612;591.383
504.812;591.385
505.012;591.387
505.212;591.389
505.412;591.391
505.612;591.393
505.812;591.395
506.012;591.397
506.212;591.399
506.413;591.401
506.613;591.403
506.813;591.405
507.013;591.406
507.213;591.408
507.413;591.410
507.613;591.412
507.813;591.414
508.013;591.416
508.213;591.418
508.413;591.420
508.613;591.422
508.813;591.423
509.013;591.425
509.213;591.427
509.413;591.429
509.613;591.431
509.813;591.432
510.013;591.434
510.213;591.436
510.413;591.438
510.613;591.440
510.813;591.442
511.013;591.443
511.213;591.445
511.413;591.447
511.613;591.449
511.813;591.451
512.013;591.452
512.213;591.454
512.413;591.456
512.613;591.458
512.813;591.459
513.013;591.461
513.213;591.463
513.413;591.465
513.613;591.466
513.813;591.468
514.013;591.470
514.213;591.471
514.413;591.473
514.613;591.475
514.813;591.477
515.013;591.478
515.213;591.480
515.413;591.482
515.613;591.483
515.813;591.485
516.013;591.487
516.213;591.489
516.413;591.490
516.613;591.492
516.813;591.493
517.013;591.495
517.213;591.497
517.413;591.498
517.613;591.500
517.813;591.502
518.013;591.503
518.213;591.505
518.413;591.507
518.613;591.508
518.813;591.510
519.013;591.512
519.213;591.513
519.413;591.515
519.613;591.516
519.813;591.518
520.013;591.519
520.213;591.521
520.413;591.523
520.613;591.524
520.813;591.526
521.013;591.527
521.213;591.529
521.413;591.531
521.613;591.532
521.813;591.534
522.013;591.535
522.213;591.537
522.413;591.538
522.613;591.540
522.813;591.541
523.013;591.543
523.214;591.544
523.414;591.546
523.614;591.547
523.814;591.549
524.014;591.551
524.214;591.552
524.414;591.554
524.614;591.555
524.814;591.557
525.014;591.558
525.214;591.560
525.414;591.561
525.614;591.563
525.814;591.564
526.014;591.565
526.214;591.567
526.414;591.568
526.614;591.570
526.814;591.571
527.014;591.573
527.214;591.574
527.414;591.576
527.614;591.577
527.814;591.579
528.014;591.580
528.214;591.581
528.414;591.583
528.614;591.584
528.814;591.586
529.014;591.587
529.214;591.589
529.414;591.590
529.614;591.591
529.814;591.593
530.014;591.594
530.214;591.596
530.414;591.597
530.614;591.598
530.814;591.600
531.014;591.601
531.214;591.603
531.414;591.604
531.614;591.605
531.814;591.607
532.014;591.608
532.214;591.609
532.414;591.611
532.614;591.612
532.814;591.613
533.014;591.615
533.214;591.616
533.414;591.617
533.614;591.619
533.814;591.620
534.014;591.621
534.214;591.623
534.414;591.624
534.614;591.625
534.814;591.627
535.014;591.628
535.214;591.629
535.414;591.630
535.614;591.632
535.814;591.633
536.014;591.634
536.214;591.636
536.414;591.637
536.614;591.638
536.814;591.639
537.014;591.641
537.214;591.642
537.414;591.643
537.614;591.645
537.814;591.646
538.014;591.647
538.214;591.648
538.414;591.650
538.614;591.651
538.814;591.652
539.014;591.653
539.214;591.655
539.414;591.656
539.615;591.657
539.815;591.658
540.015;591.659
540.215;591.661
540.415;591.662
540.615;591.663
540.815;591.664
541.015;591.666
541.215;591.667
541.415;591.668
541.615;591.669
541.815;591.670
542.015;591.672
542.215;591.673
542.415;591.674
542.615;591.675
542.815;591.676
543.015;591.677
543.215;591.679
543.415;591.680
543.615;591.681
543.815;591.682
544.015;591.683
544.215;591.684
544.415;591.686
544.615;591.687
544.815;591.688
545.015;591.689
545.215;591.690
545.415;591.691
545.615;591.693
545.815;591.694
546.015;591.695
546.215;591.696
546.415;591.697
546.615;591.698
546.815;591.699
547.015;591.700
547.215;591.701
547.415;591.703
547.615;591.704
547.815;591.705
548.015;591.706
548.215;591.707
548.415;591.708
548.615;591.709
548.815;591.710
549.015;591.711
549.215;591.712
549.415;591.714
549.615;591.715
549.815;591.716
550.015;591.717
550.215;591.718
550.415;591.719
550.615;591.720
550.815;591.721
551.015;591.722
551.215;591.723
551.415;591.724
551.615;591.725
551.815;591.726
552.015;591.727
552.215;591.728
552.415;591.729
552.615;591.730
552.815;591.731
553.015;591.732
553.215;591.733
553.415;591.734
553.615;591.736
553.815;591.737
554.015;591.738
554.215;591.739
554.415;591.740
554.615;591.741
554.815;591.742
555.015;591.743
555.215;591.744
555.415;591.745
555.615;591.746
555.815;591.747
556.016;591.748
556.216;591.749
556.416;591.750
556.616;591.750
556.816;591.751
557.016;591.752
557.216;591.753
557.416;591.754
557.616;591.755
557.816;591.756
558.016;591.757
558.216;591.758
558.416;591.759
558.616;591.760
558.816;591.761
559.016;591.762
559.216;591.763
559.416;591.764
559.616;591.765
559.816;591.766
560.016;591.767
560.216;591.768
560.416;591.769
560.616;591.770
560.816;591.771
561.016;591.771
561.216;591.772
561.416;591.773
561.616;591.774
561.816;591.775
562.016;591.776
562.216;591.777
562.416;591.778
562.616;591.779
562.816;591.780
563.016;591.781
563.216;591.782
563.416;591.782
563.616;591.783
563.816;591.784
564.016;591.785
564.216;591.786
564.416;591.787
564.616;591.788
564.816;591.789
565.016;591.790
565.216;591.790
565.416;591.791
565.616;591.792
565.816;591.793
566.016;591.794
566.216;591.795
566.416;591.796
566.616;591.796
566.816;591.797
567.016;591.798
567.216;591.799
567.416;591.800
567.616;591.801
567.816;591.802
568.016;591.802
568.216;591.803
568.416;591.804
568.616;591.805
568.816;591.806
569.016;591.807
569.216;591.808
569.416;591.808
569.616;591.809
569.816;591.810
570.016;591.811
570.216;591.812
570.416;591.813
570.616;591.813
570.816;591.814
571.016;591.815
571.216;591.816
571.416;591.816
571.616;591.817
571.816;591.818
572.016;591.819
572.216;591.820
572.417;591.820
572.617;591.821
572.817;591.822
573.017;591.823
573.217;591.824
573.417;591.824
573.617;591.825
573.817;591.826
574.017;591.827
574.217;591.828
574.417;591.828
574.617;591.829
574.817;591.830
575.017;591.831
575.217;591.832
575.417;591.832
575.617;591.833
575.817;591.834
576.017;591.835
576.217;591.835
576.417;591.836
576.617;591.837
576.817;591.838
577.017;591.838
577.217;591.839
577.417;591.840
577.617;591.840
577.817;591.841
578.017;591.842
578.217;591.843
578.417;591.843
578.617;591.844
578.817;591.845
579.017;591.846
579.217;591.846
579.417;591.847
579.617;591.848
579.817;591.849
580.017;591.849
580.217;591.850
580.417;591.851
580.617;591.851
580.817;591.852
581.017;591.853
581.217;591.854
581.417;591.854
581.617;591.855
581.817;591.856
582.017;591.857
582.217;591.857
582.417;591.858
582.617;591.859
582.817;591.859
583.017;591.860
583.217;591.861
583.417;591.861
583.617;591.862
583.817;591.863
584.017;591.863
584.217;591.864
584.417;591.865
584.617;591.865
584.817;591.866
585.017;591.867
585.217;591.867
585.417;591.868
585.617;591.869
585.817;591.869
586.017;591.870
586.217;591.871
586.417;591.871
586.617;591.872
586.817;591.873
587.017;591.873
587.217;591.874
587.417;591.875
587.617;591.875
587.817;591.876
588.017;591.877
588.217;591.877
588.417;591.878
588.617;591.879
588.818;591.879
589.018;591.880
589.218;591.880
589.418;591.881
589.618;591.882
589.818;591.882
590.018;591.883
590.218;591.884
590.418;591.884
590.618;591.885
590.818;591.885
591.018;591.886
591.218;591.887
591.418;591.887
591.618;591.888
591.818;591.888
592.018;591.889
592.218;591.890
592.418;591.890
592.618;591.891
592.818;591.891
593.018;591.892
593.218;591.893
593.418;591.893
593.618;591.894
593.818;591.895
594.018;591.895
594.218;591.896
594.418;591.896
594.618;591.897
594.818;591.898
595.018;591.898
595.218;591.899
595.418;591.899
595.618;591.900
595.818;591.901
596.018;591.901
596.218;591.902
596.418;591.902
596.618;591.903
596.818;591.904
597.018;591.904
597.218;591.905
597.418;591.905
597.618;591.906
597.818;591.906
598.018;591.907
598.218;591.907
598.418;591.908
598.618;591.908
598.818;591.909
599.018;591.910
599.218;591.910
599.418;591.911
599.618;591.911
599.818;591.912
600.018;591.912
600.218;591.913
600.418;591.913
600.618;591.914
600.818;591.914
601.018;591.915
601.218;591.916
601.418;591.916
601.618;591.917
601.818;591.917
602.018;591.918
602.218;591.918
602.418;591.919
602.618;591.919
602.818;591.920
603.018;591.921
603.218;591.921
603.418;591.922
603.618;591.922
603.818;591.923
604.018;591.923
604.218;591.924
604.418;591.924
604.618;591.925
604.818;591.925
605.018;591.926
605.219;591.926
605.419;591.927
605.619;591.927
605.819;591.928
606.019;591.928
606.219;591.929
606.419;591.929
606.619;591.930
606.819;591.930
607.019;591.931
607.219;591.931
607.419;591.932
607.619;591.932
607.819;591.933
608.019;591.933
608.219;591.934
608.419;591.934
608.619;591.935
608.819;591.935
609.019;591.936
609.219;591.936
609.419;591.937
609.619;591.937
609.819;591.938
610.019;591.938
610.219;591.939
610.419;591.939
610.619;591.940
610.819;591.940
611.019;591.941
611.219;591.941
611.419;591.942
611.619;591.942
611.819;591.943
612.019;591.943
612.219;591.943
612.419;591.944
612.619;591.944
612.819;591.945
613.019;591.945
613.219;591.946
613.419;591.946
613.619;591.947
613.819;591.947
614.019;591.948
614.219;591.948
614.419;591.949
614.619;591.949
614.819;591.950
615.019;591.950
615.219;591.950
615.419;591.951
615.619;591.951
615.819;591.952
616.019;591.952
616.219;591.953
616.419;591.953
616.619;591.953
616.819;591.954
617.019;591.954
617.219;591.955
617.419;591.955
617.619;591.956
617.819;591.956
618.019;591.956
618.219;591.957
618.419;591.957
618.619;591.958
618.819;591.958
619.019;591.959
619.219;591.959
619.419;591.959
619.619;591.960
619.819;591.960
620.019;591.961
620.219;591.961
620.419;591.962
620.619;591.962
620.819;591.962
621.019;591.963
621.219;591.963
621.419;591.964
621.620;591.964
621.820;591.965
622.020;591.965
622.220;591.965
622.420;591.966
622.620;591.966
622.820;591.967
623.020;591.967
623.220;591.968
623.420;591.968
623.620;591.968
623.820;591.969
624.020;591.969
624.220;591.970
624.420;591.970
624.620;591.971
624.820;591.971
625.020;591.971
625.220;591.972
625.420;591.972
625.620;591.972
625.820;591.973
626.020;591.973
626.220;591.974
626.420;591.974
626.620;591.974
626.820;591.975
627.020;591.975
627.220;591.975
627.420;591.976
627.620;591.976
627.820;591.976
628.020;591.977
628.220;591.977
628.420;591.978
628.620;591.978
628.820;591.978
629.020;591.979
629.220;591.979
629.420;591.979
629.620;591.980
629.820;591.980
630.020;591.980
630.220;591.981
630.420;591.981
630.620;591.982
630.820;591.982
631.020;591.982
631.220;591.983
631.420;591.983
631.620;591.983
631.820;591.984
632.020;591.984
632.220;591.984
632.420;591.985
632.620;591.985
632.820;591.986
633.020;591.986
633.220;591.986
633.420;591.987
633.620;591.987
633.820;591.987
634.020;591.988
634.220;591.988
634.420;591.989
634.620;591.989
634.820;591.989
635.020;591.990
635.220;591.990
635.420;591.990
635.620;591.991
635.820;591.991
636.020;591.991
636.220;591.992
636.420;591.992
636.620;591.993
636.820;591.993
637.020;591.993
637.220;591.994
637.420;591.994
637.620;591.994
637.820;591.995
638.021;591.995
638.221;591.995
638.421;591.996
638.621;591.996
638.821;591.996
639.021;591.996
639.221;591.997
639.421;591.997
639.621;591.997
639.821;591.998
640.021;591.998
640.221;591.998
640.421;591.999
640.621;591.999
640.821;591.999
641.021;592.000
641.221;592.000
641.421;592.000
641.621;592.000
641.821;592.001
642.021;592.001
642.221;592.001
642.421;592.002
642.621;592.002
642.821;592.002
643.021;592.003
643.221;592.003
643.421;592.003
643.621;592.003
643.821;592.004
644.021;592.004
644.221;592.004
644.421;592.005
644.621;592.005
644.821;592.005
645.021;592.006
645.221;592.006
645.421;592.006
645.621;592.007
645.821;592.007
646.021;592.007
646.221;592.007
646.421;592.008
646.621;592.008
646.821;592.008
647.021;592.009
647.221;592.009
647.421;592.009
647.621;592.010
647.821;592.010
648.021;592.010
648.221;592.010
648.421;592.011
648.621;592.011
648.821;592.011
649.021;592.012
649.221;592.012
649.421;592.012
649.621;592.013
649.821;592.013
650.021;592.013
650.221;592.014
650.421;592.014
650.621;592.014
650.821;592.014
651.021;592.015
651.221;592.015
651.421;592.015
651.621;592.016
651.821;592.016
652.021;592.016
652.221;592.017
652.421;592.017
652.621;592.017
652.821;592.017
653.021;592.018
653.221;592.018
653.421;592.018
653.621;592.018
653.821;592.019
654.021;592.019
654.221;592.019
654.422;592.019
654.622;592.020
654.822;592.020
655.022;592.020
655.222;592.020
655.422;592.021
655.622;592.021
655.822;592.021
656.022;592.021
656.222;592.022
656.422;592.022
656.622;592.022
656.822;592.022
657.022;592.023
657.222;592.023
657.422;592.023
657.622;592.023
657.822;592.024
658.022;592.024
658.222;592.024
658.422;592.024
658.622;592.025
658.822;592.025
659.022;592.025
659.222;592.025
659.422;592.026
659.622;592.026
659.822;592.026
660.022;592.026
660.222;592.026
660.422;592.027
660.622;592.027
660.822;592.027
661.022;592.027
661.222;592.028
661.422;592.028
661.622;592.028
661.822;592.028
662.022;592.029
662.222;592.029
662.422;592.029
662.622;592.029
662.822;592.030
663.022;592.030
663.222;592.030
663.422;592.030
663.622;592.031
663.822;592.031
664.022;592.031
664.222;592.031
664.422;592.032
664.622;592.032
664.822;592.032
665.022;592.032
665.222;592.033
665.422;592.033
665.622;592.033
665.822;592.033
666.022;592.034
666.222;592.034
666.422;592.034
666.622;592.034
666.822;592.035
667.022;592.035
667.222;592.035
667.422;592.035
667.622;592.036
667.822;592.036
668.022;592.036
668.222;592.036
668.422;592.036
668.622;592.037
668.822;592.037
669.022;592.037
669.222;592.037
669.422;592.038
669.622;592.038
669.822;592.038
670.022;592.038
670.222;592.039
670.422;592.039
670.622;592.039
670.823;592.039
671.023;592.040
671.223;592.040
671.423;592.040
671.623;592.040
671.823;592.041
672.023;592.041
672.223;592.041
672.423;592.041
672.623;592.041
672.823;592.041
673.023;592.042
673.223;592.042
673.423;592.042
673.623;592.042
673.823;592.042
674.023;592.043
674.223;592.043
674.423;592.043
674.623;592.043
674.823;592.043
675.023;592.043
675.223;592.044
675.423;592.044
675.623;592.044
675.823;592.044
676.023;592.044
676.223;592.045
676.423;592.045
676.623;592.045
676.823;592.045
677.023;592.045
677.223;592.045
677.423;592.046
677.623;592.046
677.823;592.046
678.023;592.046
678.223;592.046
678.423;592.047
678.623;592.047
678.823;592.047
679.023;592.047
679.223;592.047
679.423;592.047
679.623;592.048
679.823;592.048
680.023;592.048
680.223;592.048
680.423;592.048
680.623;592.049
680.823;592.049
681.023;592.049
681.223;592.049
681.423;592.049
681.623;592.049
681.823;592.050
682.023;592.050
682.223;592.050
682.423;592.050
682.623;592.050
682.823;592.051
683.023;592.051
683.223;592.051
683.423;592.051
683.623;592.051
683.823;592.052
684.023;592.052
684.223;592.052
684.423;592.052
684.623;592.052
684.823;592.052
685.023;592.053
685.223;592.053
685.423;592.053
685.623;592.053
685.823;592.053
686.023;592.054
686.223;592.054
686.423;592.054
686.623;592.054
686.823;592.054
687.023;592.054
687.224;592.055
687.424;592.055
687.624;592.055
687.824;592.055
688.024;592.055
688.224;592.056
688.424;592.056
688.624;592.056
688.824;592.056
689.024;592.056
689.224;592.056
689.424;592.057
689.624;592.057
689.824;592.057
690.024;592.057
690.224;592.057
690.424;592.058
690.624;592.058
690.824;592.058
691.024;592.058
691.224;592.058
691.424;592.058
691.624;592.059
691.824;592.059
692.024;592.059
692.224;592.059
692.424;592.059
692.624;592.060
692.824;592.060
693.024;592.060
693.224;592.060
693.424;592.060
693.624;592.060
693.824;592.061
694.024;592.061
694.224;592.061
694.424;592.061
694.624;592.061
694.824;592.062
695.024;592.062
695.224;592.062
695.424;592.062
695.624;592.062
695.824;592.063
696.024;592.063
696.224;592.063
696.424;592.063
696.624;592.063
696.824;592.063
697.024;592.063
697.224;592.064
697.424;592.064
697.624;592.064
697.824;592.064
698.024;592.064
698.224;592.064
698.424;592.064
698.624;592.064
698.824;592.065
699.024;592.065
699.224;592.065
699.424;592.065
699.624;592.065
699.824;592.065
700.024;592.065
700.224;592.065
700.424;592.066
700.624;592.066
700.824;592.066
701.024;592.066
701.224;592.066
701.424;592.066
701.624;592.066
701.824;592.066
702.024;592.067
702.224;592.067
702.424;592.067
702.624;592.067
702.824;592.067
703.024;592.067
703.224;592.067
703.424;592.067
703.625;592.068
703.825;592.068
704.025;592.068
704.225;592.068
704.425;592.068
704.625;592.068
704.825;592.068
705.025;592.068
705.225;592.068
705.425;592.069
705.625;592.069
705.825;592.069
706.025;592.069
706.225;592.069
706.425;592.069
706.625;592.069
706.825;592.069
707.025;592.070
707.225;592.070
707.425;592.070
707.625;592.070
707.825;592.070
708.025;592.070
708.225;592.070
708.425;592.070
708.625;592.071
708.825;592.071
709.025;592.071
709.225;592.071
709.425;592.071
709.625;592.071
709.825;592.071
710.025;592.071
710.225;592.072
710.425;592.072
710.625;592.072
710.825;592.072
711.025;592.072
711.225;592.072
711.425;592.072
711.625;592.072
711.825;592.073
712.025;592.073
712.225;592.073
712.425;592.073
712.625;592.073
712.825;592.073
713.025;592.073
713.225;592.073
713.425;592.073
713.625;592.074
713.825;592.074
714.025;592.074
714.225;592.074
714.425;592.074
714.625;592.074
714.825;592.074
715.025;592.074
715.225;592.075
715.425;592.075
715.625;592.075
715.825;592.075
716.025;592.075
716.225;592.075
716.425;592.075
716.625;592.075
716.825;592.076
717.025;592.076
717.225;592.076
717.425;592.076
717.625;592.076
717.825;592.076
718.025;592.076
718.225;592.076
718.425;592.077
718.625;592.077
718.825;592.077
719.025;592.077
719.225;592.077
719.425;592.077
719.625;592.077
719.826;592.077
720.026;592.078
720.226;592.078
720.426;592.078
720.626;592.078
720.826;592.078
721.026;592.078
721.226;592.078
721.426;592.078
721.626;592.078
721.826;592.079
722.026;592.079
722.226;592.079
722.426;592.079
722.626;592.079
722.826;592.079
723.026;592.079
723.226;592.079
723.426;592.080
723.626;592.080
723.826;592.080
724.026;592.080
724.226;592.080
724.426;592.080
724.626;592.080
724.826;592.080
725.026;592.081
725.226;592.081
725.426;592.081
725.626;592.081
725.826;592.081
726.026;592.081
726.226;592.081
726.426;592.081
726.626;592.082
726.826;592.082
727.026;592.082
727.226;592.082
727.426;592.082
727.626;592.082
727.826;592.082
728.026;592.082
728.226;592.083
728.426;592.083
728.626;592.083
728.826;592.083
729.026;592.083
729.226;592.083
729.426;592.083
729.626;592.083
729.826;592.083
730.026;592.084
730.226;592.084
730.426;592.084
730.626;592.084
730.826;592.084
731.026;592.084
731.226;592.084
731.426;592.084
731.626;592.085
731.826;592.085
732.026;592.085
732.226;592.085
732.426;592.085
732.626;592.085
732.826;592.085
733.026;592.085
733.226;592.086
733.426;592.086
733.626;592.086
733.826;592.086
734.026;592.086
734.226;592.086
734.426;592.086
734.626;592.086
734.826;592.086
735.026;592.086
735.226;592.087
735.426;592.087
735.626;592.087
735.826;592.087
736.026;592.087
736.227;592.087
736.427;592.087
736.627;592.087
736.827;592.087
737.027;592.087
737.227;592.087
737.427;592.087
737.627;592.087
737.827;592.087
738.027;592.087
738.227;592.087
738.427;592.088
738.627;592.088
738.827;592.088
739.027;592.088
739.227;592.088
739.427;592.088
739.627;592.088
739.827;592.088
740.027;592.088
740.227;592.088
740.427;592.088
740.627;592.088
740.827;592.088
741.027;592.088
741.227;592.088
741.427;592.088
741.627;592.089
741.827;592.089
742.027;592.089
742.227;592.089
742.427;592.089
742.627;592.089
742.827;592.089
743.027;592.089
743.227;592.089
743.427;592.089
743.627;592.089
743.827;592.089
744.027;592.089
744.227;592.089
744.427;592.089
744.627;592.089
744.827;592.089
745.027;592.090
745.227;592.090
745.427;592.090
745.627;592.090
745.827;592.090
746.027;592.090
746.227;592.090
746.427;592.090
746.627;592.090
746.827;592.090
747.027;592.090
747.227;592.090
747.427;592.090
747.627;592.090
747.827;592.090
748.027;592.090
748.227;592.091
748.427;592.091
748.627;592.091
748.827;592.091
749.027;592.091
749.227;592.091
749.427;592.091
749.627;592.091
749.827;592.091
750.027;592.091
750.227;592.091
750.427;592.091
750.627;592.091
750.827;592.091
751.027;592.091
751.227;592.091
751.427;592.091
751.627;592.092
751.827;592.092
752.027;592.092
752.227;592.092
752.427;592.092
752.628;592.092
752.828;592.092
753.028;592.092
753.228;592.092
753.428;592.092
753.628;592.092
753.828;592.092
754.028;592.092
754.228;592.092
754.428;592.092
754.628;592.092
754.828;592.093
755.028;592.093
755.228;592.093
755.428;592.093
755.628;592.093
755.828;592.093
756.028;592.093
756.228;592.093
756.428;592.093
756.628;592.093
756.828;592.093
757.028;592.093
757.228;592.093
757.428;592.093
757.628;592.093
757.828;592.093
758.028;592.094
758.228;592.094
758.428;592.094
758.628;592.094
758.828;592.094
759.028;592.094
759.228;592.094
759.428;592.094
759.628;592.094
759.828;592.094
760.028;592.094
760.228;592.094
760.428;592.094
760.628;592.094
760.828;592.094
761.028;592.094
761.228;592.094
761.428;592.095
761.628;592.095
761.828;592.095
762.028;592.095
762.228;592.095
762.428;592.095
762.628;592.095
762.828;592.095
763.028;592.095
763.228;592.095
763.428;592.095
763.628;592.095
763.828;592.095
764.028;592.095
764.228;592.095
764.428;592.095
764.628;592.096
764.828;592.096
765.028;592.096
765.228;592.096
765.428;592.096
765.628;592.096
765.828;592.096
766.028;592.096
766.228;592.096
766.428;592.096
766.628;592.096
766.828;592.096
767.028;592.096
767.228;592.096
767.428;592.096
767.628;592.096
767.828;592.096
768.028;592.097
768.228;592.097
768.428;592.097
768.628;592.097
768.828;592.097
769.029;592.097
769.229;592.097
769.429;592.097
769.629;592.097
769.829;592.097
770.029;592.097
770.229;592.097
770.429;592.097
770.629;592.097
770.829;592.097
771.029;592.097
771.229;592.098
771.429;592.098
771.629;592.098
771.829;592.098
772.029;592.098
772.229;592.098
772.429;592.098
772.629;592.098
772.829;592.098
773.029;592.098
773.229;592.098
773.429;592.098
773.629;592.098
773.829;592.098
774.029;592.098
774.229;592.098
774.429;592.099
774.629;592.099
774.829;592.099
775.029;592.099
775.229;592.099
775.429;592.099
775.629;592.099
775.829;592.099
776.029;592.099
776.229;592.099
776.429;592.099
776.629;592.099
776.829;592.099
777.029;592.099
777.229;592.099
777.429;592.099
777.629;592.099
777.829;592.100
778.029;592.100
778.229;592.100
778.429;592.100
778.629;592.100
778.829;592.100
779.029;592.100
779.229;592.100
779.429;592.100
779.629;592.100
779.829;592.100
780.029;592.100
780.229;592.100
780.429;592.100
780.629;592.100
780.829;592.100
781.029;592.101
781.229;592.101
781.429;592.101
781.629;592.101
781.829;592.101
782.029;592.101
782.229;592.101
782.429;592.101
782.629;592.101
782.829;592.101
783.029;592.101
783.229;592.101
783.429;592.101
783.629;592.101
783.829;592.101
784.029;592.101
784.229;592.102
784.429;592.102
784.629;592.102
784.829;592.102
785.029;592.102
785.229;592.102
785.430;592.102
785.630;592.102
785.830;592.102
786.030;592.102
786.230;592.102
786.430;592.102
786.630;592.102
786.830;592.102
787.030;592.102
787.230;592.102
787.430;592.102
787.630;592.103
787.830;592.103
788.030;592.103
788.230;592.103
788.430;592.103
788.630;592.103
788.830;592.103
789.030;592.103
789.230;592.103
789.430;592.103
789.630;592.103
789.830;592.103
790.030;592.103
790.230;592.103
790.430;592.103
790.630;592.103
790.830;592.104
791.030;592.104
791.230;592.104
791.430;592.104
791.630;592.104
791.830;592.104
792.030;592.104
792.230;592.104
792.430;592.104
792.630;592.104
792.830;592.104
793.030;592.104
793.230;592.104
793.430;592.104
793.630;592.104
793.830;592.104
794.030;592.104
794.230;592.105
794.430;592.105
794.630;592.105
794.830;592.105
795.030;592.105
795.230;592.105
795.430;592.105
795.630;592.105
795.830;592.105
796.030;592.105
796.230;592.105
796.430;592.105
796.630;592.105
796.830;592.105
797.030;592.105
797.230;592.105
797.430;592.106
797.630;592.106
797.830;592.106
798.030;592.106
798.230;592.106
798.430;592.106
798.630;592.106
798.830;592.106
799.030;592.106
799.230;592.106
799.430;592.106
799.630;592.106
799.830;592.106
800.030;592.106
800.230;592.106
800.430;592.106
800.630;592.107
800.830;592.107
801.030;592.107
801.230;592.107
801.430;592.107
801.630;592.107
801.831;592.107
802.031;592.107
802.231;592.107
802.431;592.107
802.631;592.107
802.831;592.107
803.031;592.107
803.231;592.107
803.431;592.107
803.631;592.107
803.831;592.107
804.031;592.108
804.231;592.108
804.431;592.108
804.631;592.108
804.831;592.108
805.031;592.108
805.231;592.108
805.431;592.108
805.631;592.108
805.831;592.108
806.031;592.108
806.231;592.108
806.431;592.108
806.631;592.108
806.831;592.108
807.031;592.108
807.231;592.109
807.431;592.109
807.631;592.109
807.831;592.109
808.031;592.109
808.231;592.109
808.431;592.109
808.631;592.109
808.831;592.109
809.031;592.109
809.231;592.109
809.431;592.109
809.631;592.109
809.831;592.109
810.031;592.109
810.231;592.109
810.431;592.109
810.631;592.109
810.831;592.109
811.031;592.109
811.231;592.109
811.431;592.109
811.631;592.109
811.831;592.109
812.031;592.109
812.231;592.109
812.431;592.109
812.631;592.109
812.831;592.109
813.031;592.109
813.231;592.109
813.431;592.109
813.631;592.109
813.831;592.109
814.031;592.109
814.231;592.109
814.431;592.109
814.631;592.109
814.831;592.109
815.031;592.109
815.231;592.109
815.431;592.109
815.631;592.109
815.831;592.109
816.031;592.109
816.231;592.109
816.431;592.109
816.631;592.109
816.831;592.109
817.031;592.109
817.231;592.109
817.431;592.109
817.631;592.109
817.831;592.109
818.031;592.109
818.232;592.109
818.432;592.109
818.632;592.109
818.832;592.109
819.032;592.109
819.232;592.109
819.432;592.109
819.632;592.109
819.832;592.109
820.032;592.109
820.232;592.109
820.432;592.109
820.632;592.109
820.832;592.109
821.032;592.109
821.232;592.109
821.432;592.109
821.632;592.109
821.832;592.109
822.032;592.109
822.232;592.109
822.432;592.109
822.632;592.109
822.832;592.109
823.032;592.109
823.232;592.109
823.432;592.109
823.632;592.109
823.832;592.109
824.032;592.109
824.232;592.109
824.432;592.109
824.632;592.109
824.832;592.109
825.032;592.109
825.232;592.109
825.432;592.109
825.632;592.109
825.832;592.109
826.032;592.109
826.232;592.109
826.432;592.109
826.632;592.109
826.832;592.109
827.032;592.109
827.232;592.109
827.432;592.109
827.632;592.109
827.832;592.109
828.032;592.109
828.232;592.109
828.432;592.109
828.632;592.109
828.832;592.109
829.032;592.109
829.232;592.109
829.432;592.109
829.632;592.109
829.832;592.109
830.032;592.109
830.232;592.109
830.432;592.109
830.632;592.109
830.832;592.109
831.032;592.109
831.232;592.109
831.432;592.109
831.632;592.109
831.832;592.109
832.032;592.109
832.232;592.109
832.432;592.109
832.632;592.109
832.832;592.109
833.032;592.109
833.232;592.109
833.432;592.109
833.632;592.109
833.832;592.109
834.032;592.109
834.232;592.109
834.432;592.109
834.633;592.109
834.833;592.109
835.033;592.109
835.233;592.109
835.433;592.109
835.633;592.109
835.833;592.109
836.033;592.109
836.233;592.109
836.433;592.109
836.633;592.109
836.833;592.109
837.033;592.109
837.233;592.109
837.433;592.109
837.633;592.109
837.833;592.109
838.033;592.109
838.233;592.109
838.433;592.109
838.633;592.109
838.833;592.109
839.033;592.109
839.233;592.109
839.433;592.109
839.633;592.109
839.833;592.109
840.033;592.109
840.233;592.109
840.433;592.109
840.633;592.109
840.833;592.109
841.033;592.109
841.233;592.109
841.433;592.109
841.633;592.109
841.833;592.109
842.033;592.109
842.233;592.109
842.433;592.109
842.633;592.109
842.833;592.109
843.033;592.109
843.233;592.109
843.433;592.109
843.633;592.109
843.833;592.109
844.033;592.109
844.233;592.109
844.433;592.109
844.633;592.109
844.833;592.109
845.033;592.109
845.233;592.109
845.433;592.109
845.633;592.109
845.833;592.109
846.033;592.109
846.233;592.109
846.433;592.109
846.633;592.109
846.833;592.109
847.033;592.109
847.233;592.109
847.433;592.109
847.633;592.109
847.833;592.109
848.033;592.109
848.233;592.109
848.433;592.109
848.633;592.109
848.833;592.109
849.033;592.109
849.233;592.109
849.433;592.109
849.633;592.109
849.833;592.109
850.033;592.109
850.233;592.109
850.433;592.109
850.633;592.109
850.833;592.109
851.034;592.109
851.234;592.109
851.434;592.109
851.634;592.109
851.834;592.109
852.034;592.109
852.234;592.109
852.434;592.109
852.634;592.109
852.834;592.109
853.034;592.109
853.234;592.109
853.434;592.109
853.634;592.109
853.834;592.109
854.034;592.109
854.234;592.109
854.434;592.109
854.634;592.109
854.834;592.109
855.034;592.109
855.234;592.109
855.434;592.109
855.634;592.109
855.834;592.109
856.034;592.109
856.234;592.109
856.434;592.109
856.634;592.109
856.834;592.109
857.034;592.109
857.234;592.109
857.434;592.109
857.634;592.109
857.834;592.109
858.034;592.109
858.234;592.109
858.434;592.109
858.634;592.109
858.834;592.109
859.034;592.109
859.234;592.109
859.434;592.109
859.634;592.109
859.834;592.109
860.034;592.109
860.234;592.109
860.434;592.109
860.634;592.109
860.834;592.109
861.034;592.109
861.234;592.109
861.434;592.109
861.634;592.109
861.834;592.109
862.034;592.109
862.234;592.109
862.434;592.109
862.634;592.109
862.834;592.109
863.034;592.109
863.234;592.109
863.434;592.109
863.634;592.109
863.834;592.109
864.034;592.109
864.234;592.109
864.434;592.109
864.634;592.109
864.834;592.109
865.034;592.109
865.234;592.109
865.434;592.109
865.634;592.109
865.834;592.109
866.034;592.109
866.234;592.109
866.434;592.109
866.634;592.109
866.834;592.109
867.034;592.109
867.234;592.109
867.435;592.109
867.635;592.109
867.835;592.109
868.035;592.109
868.235;592.109
868.435;592.109
868.635;592.109
868.835;592.109
869.035;592.109
869.235;592.109
869.435;592.109
869.635;592.109
869.835;592.109
870.035;592.109
870.235;592.109
870.435;592.109
870.635;592.109
870.835;592.109
871.035;592.109
871.235;592.109
871.435;592.109
871.635;592.109
871.835;592.109
872.035;592.109
872.235;592.109
872.435;592.109
872.635;592.109
872.835;592.109
873.035;592.109
873.235;592.109
873.435;592.109
873.635;592.109
873.835;592.109
874.035;592.109
874.235;592.109
874.435;592.109
874.635;592.109
874.835;592.109
875.035;592.109
875.235;592.109
875.435;592.109
875.635;592.109
875.835;592.109
876.035;592.109
876.235;592.109
876.435;592.109
876.635;592.109
876.835;592.109
877.035;592.109
877.235;592.109
877.435;592.109
877.635;592.109
877.835;592.109
878.035;592.109
878.235;592.109
878.435;592.109
878.635;592.109
878.835;592.109
879.035;592.109
879.235;592.109
879.435;592.109
879.635;592.109
879.835;592.109
880.035;592.109
880.235;592.109
880.435;592.109
880.635;592.109
880.835;592.109
881.035;592.109
881.235;592.109
881.435;592.109
881.635;592.109
881.835;592.109
882.035;592.109
882.235;592.109
882.435;592.109
882.635;592.109
882.835;592.109
883.035;592.109
883.235;592.109
883.435;592.109
883.635;592.109
883.836;592.109
884.036;592.109
884.236;592.109
884.436;592.109
884.636;592.109
884.836;592.109
885.036;592.109
885.236;592.109
885.436;592.109
885.636;592.109
885.836;592.109
886.036;592.109
886.236;592.109
886.436;592.109
886.636;592.109
886.836;592.109
887.036;592.109
887.236;592.109
887.436;592.109
887.636;592.109
887.836;592.109
888.036;592.109
888.236;592.109
888.436;592.109
888.636;592.109
888.836;592.109
889.036;592.109
889.236;592.109
889.436;592.109
889.636;592.109
889.836;592.109
890.036;592.109
890.236;592.109
890.436;592.109
890.636;592.109
890.836;592.109
891.036;592.109
891.236;592.109
891.436;592.109
891.636;592.109
891.836;592.109
892.036;592.109
892.236;592.109
892.436;592.109
892.636;592.109
892.836;592.109
893.036;592.109
893.236;592.109
893.436;592.109
893.636;592.109
893.836;592.109
894.036;592.109
894.236;592.109
894.436;592.109
894.636;592.109
894.836;592.109
895.036;592.109
895.236;592.109
895.436;592.109
895.636;592.109
895.836;592.109
896.036;592.109
896.236;592.109
896.436;592.109
896.636;592.109
896.836;592.109
897.036;592.109
897.236;592.109
897.436;592.109
897.636;592.109
897.836;592.109
898.036;592.109
898.236;592.109
898.436;592.109
898.636;592.109
898.836;592.109
899.036;592.109
899.236;592.109
899.436;592.109
899.636;592.109
899.836;592.109
900.036;592.109
900.237;592.109
900.437;592.109
900.637;592.109
900.837;592.109
901.037;592.109
901.237;592.109
901.437;592.109
901.637;592.109
901.837;592.109
902.037;592.109
902.237;592.109
902.437;592.109
902.637;592.109
902.837;592.109
903.037;592.109
903.237;592.109
903.437;592.109
903.637;592.109
903.837;592.109
904.037;592.109
904.237;592.109
904.437;592.109
904.637;592.109
904.837;592.109
905.037;592.109
905.237;592.109
905.437;592.109
905.637;592.109
905.837;592.109
906.037;592.109
906.237;592.109
906.437;592.109
906.637;592.109
906.837;592.109
907.037;592.109
907.237;592.109
907.437;592.109
907.637;592.109
907.837;592.109
908.037;592.109
908.237;592.109
908.437;592.109
908.637;592.109
908.837;592.109
909.037;592.109
909.237;592.109
909.437;592.109
909.637;592.109
909.837;592.109
910.037;592.109
910.237;592.109
910.437;592.109
910.637;592.109
910.837;592.109
911.037;592.109
911.237;592.109
911.437;592.109
911.637;592.109
911.837;592.109
912.037;592.109
912.237;592.109
912.437;592.109
912.637;592.109
912.837;592.109
913.037;592.109
913.237;592.109
913.437;592.109
913.637;592.109
913.837;592.109
914.037;592.109
914.237;592.109
914.437;592.109
914.637;592.109
914.837;592.109
915.037;592.109
915.237;592.109
915.437;592.109
915.637;592.109
915.837;592.109
916.037;592.109
916.237;592.109
916.438;592.109
916.638;592.109
916.838;592.109
917.038;592.109
917.238;592.109
917.438;592.109
917.638;592.109
917.838;592.109
918.038;592.109
918.238;592.109
918.438;592.109
918.638;592.109
918.838;592.109
919.038;592.109
919.238;592.109
919.438;592.109
919.638;592.109
919.838;592.109
920.038;592.109
920.238;592.109
920.438;592.109
920.638;592.109
920.838;592.109
921.038;592.109
921.238;592.109
921.438;592.109
921.638;592.109
921.838;592.109
922.038;592.109
922.238;592.109
922.438;592.109
922.638;592.109
922.838;592.109
923.038;592.109
923.238;592.109
923.438;592.109
923.638;592.109
923.838;592.109
924.038;592.109
924.238;592.109
924.438;592.109
924.638;592.109
924.838;592.109
925.038;592.109
925.238;592.109
925.438;592.109
925.638;592.109
925.838;592.109
926.038;592.109
926.238;592.109
926.438;592.109
926.638;592.109
926.838;592.109
927.038;592.109
927.238;592.109
927.438;592.109
927.638;592.109
927.838;592.109
928.038;592.109
928.238;592.109
928.438;592.109
928.638;592.109
928.838;592.109
929.038;592.109
929.238;592.109
929.438;592.109
929.638;592.109
929.838;592.109
930.038;592.109
930.238;592.109
930.438;592.109
930.638;592.109
930.838;592.109
931.038;592.109
931.238;592.109
931.438;592.109
931.638;592.109
931.838;592.109
932.038;592.109
932.238;592.109
932.438;592.109
932.638;592.109
932.839;592.109
933.039;592.109
933.239;592.109
933.439;592.109
933.639;592.109
933.839;592.109
934.039;592.109
934.239;592.109
934.439;592.109
934.639;592.109
934.839;592.109
935.039;592.109
935.239;592.109
935.439;592.109
935.639;592.109
935.839;592.109
936.039;592.109
936.239;592.109
936.439;592.109
936.639;592.109
936.839;592.109
937.039;592.109
937.239;592.109
937.439;592.109
937.639;592.109
937.839;592.109
938.039;592.109
938.239;592.109
938.439;592.109
938.639;592.109
938.839;592.109
939.039;592.109
939.239;592.109
939.439;592.109
939.639;592.109
939.839;592.109
940.039;592.109
940.239;592.109
940.439;592.109
940.639;592.109
940.839;592.109
941.039;592.109
941.239;592.109
941.439;592.109
941.639;592.109
941.839;592.109
942.039;592.109
942.239;592.109
942.439;592.109
942.639;592.109
942.839;592.109
943.039;592.109
943.239;592.109
943.439;592.109
943.639;592.109
943.839;592.109
944.039;592.109
944.239;592.109
944.439;592.109
944.639;592.109
944.839;592.109
945.039;592.109
945.239;592.109
945.439;592.109
945.639;592.109
945.839;592.109
946.039;592.109
946.239;592.109
946.439;592.109
946.639;592.109
946.839;592.109
947.039;592.109
947.239;592.109
947.439;592.109
947.639;592.109
947.839;592.109
948.039;592.109
948.239;592.109
948.439;592.109
948.639;592.109
948.839;592.109
949.039;592.109
949.240;592.109
949.440;592.109
949.640;592.109
949.840;592.109
950.040;592.109
950.240;592.109
950.440;592.109
950.640;592.109
950.840;592.109
951.040;592.109
951.240;592.109
951.440;592.109
951.640;592.109
951.840;592.109
952.040;592.109
952.240;592.109
952.440;592.109
952.640;592.109
952.840;592.109
953.040;592.109
953.240;592.109
953.440;592.109
953.640;592.109
953.840;592.109
954.040;592.109
954.240;592.109
954.440;592.109
954.640;592.109
954.840;592.109
955.040;592.109
955.240;592.109
955.440;592.109
955.640;592.109
955.840;592.109
956.040;592.109
956.240;592.109
956.440;592.109
956.640;592.109
956.840;592.109
957.040;592.109
957.240;592.109
957.440;592.109
957.640;592.109
957.840;592.109
958.040;592.109
958.240;592.109
958.440;592.109
958.640;592.109
958.840;592.109
959.040;592.109
959.240;592.109
959.440;592.109
959.640;592.109
959.840;592.109
960.040;592.109
960.240;592.109
960.440;592.109
960.640;592.109
960.840;592.109
961.040;592.109
961.240;592.109
961.440;592.109
961.640;592.109
961.840;592.109
962.040;592.109
962.240;592.109
962.440;592.109
962.640;592.109
962.840;592.109
963.040;592.109
963.240;592.109
963.440;592.109
963.640;592.109
963.840;592.109
964.040;592.109
964.240;592.109
964.440;592.109
964.640;592.109
964.840;592.109
965.040;592.109
965.240;592.109
965.440;592.109
965.641;592.109
965.841;592.109
966.041;592.109
966.241;592.109
966.441;592.109
966.641;592.109
966.841;592.109
967.041;592.109
967.241;592.109
967.441;592.109
967.641;592.109
967.841;592.109
968.041;592.109
968.241;592.109
968.441;592.109
968.641;592.109
968.841;592.109
969.041;592.109
969.241;592.109
969.441;592.109
969.641;592.109
969.841;592.109
970.041;592.109
970.241;592.109
970.441;592.109
970.641;592.109
970.841;592.109
971.041;592.109
971.241;592.109
971.441;592.109
971.641;592.109
971.841;592.109
972.041;592.109
972.241;592.109
972.441;592.109
972.641;592.109
972.841;592.109
973.041;592.109
973.241;592.109
973.441;592.109
973.641;592.109
973.841;592.109
974.041;592.109
974.241;592.109
974.441;592.109
974.641;592.109
974.841;592.109
975.041;592.109
975.241;592.109
975.441;592.109
975.641;592.109
975.841;592.109
976.041;592.109
976.241;592.109
976.441;592.109
976.641;592.109
976.841;592.109
977.041;592.109
977.241;592.109
977.441;592.109
977.641;592.109
977.841;592.109
978.041;592.109
978.241;592.109
978.441;592.109
978.641;592.109
978.841;592.109
979.041;592.109
979.241;592.109
979.441;592.109
979.641;592.109
979.841;592.109
980.041;592.109
980.241;592.109
980.441;592.109
980.641;592.109
980.841;592.109
981.041;592.109
981.241;592.109
981.441;592.109
981.641;592.109
981.841;592.109
982.042;592.109
982.242;592.109
982.442;592.109
982.642;592.109
982.842;592.109
983.042;592.109
983.242;592.109
983.442;592.109
983.642;592.109
983.842;592.109
984.042;592.109
984.242;592.109
984.442;592.109
984.642;592.109
984.842;592.109
985.042;592.109
985.242;592.109
985.442;592.109
985.642;592.109
985.842;592.109
986.042;592.109
986.242;592.109
986.442;592.109
986.642;592.109
986.842;592.109
987.042;592.109
987.242;592.109
987.442;592.109
987.642;592.109
987.842;592.109
988.042;592.109
988.242;592.109
988.442;592.109
988.642;592.109
988.842;592.109
989.042;592.109
989.242;592.109
989.442;592.109
989.642;592.109
989.842;592.109
990.042;592.109
990.242;592.109
990.442;592.109
990.642;592.109
990.842;592.109
991.042;592.109
991.242;592.109
991.442;592.109
991.642;592.109
991.842;592.109
992.042;592.109
992.242;592.109
992.442;592.109
992.642;592.109
992.842;592.109
993.042;592.109
993.242;592.109
993.442;592.109
993.642;592.109
993.842;592.109
994.042;592.109
994.242;592.109
994.442;592.109
994.642;592.109
994.842;592.109
995.042;592.109
995.242;592.109
995.442;592.109
995.642;592.109
995.842;592.109
996.042;592.109
996.242;592.109
996.442;592.109
996.642;592.109
996.842;592.109
997.042;592.109
997.242;592.109
997.442;592.109
997.642;592.109
997.842;592.109
998.042;592.109
998.242;592.109
998.443;592.109
998.643;592.109
998.843;592.109
999.043;592.109
999.243;592.109
999.443;592.109
999.643;592.109
999.843;592.109
